time,mode,center_x,center_y,center_z,formation_error,min_obstacle_clearance,min_agent_distance,energy,path_length,max_height,avg_force_norm,min_pair_distance
0.0,column,-5.4,0.0,1.2,0.794399688893766,3.2163083384538815,0.8037115436470766,1.8297747946611065,0.03192920950978327,1.2,2.5543367607826637,0.8037115436470766
0.05,column,-5.3790000000000004,0.0,1.2,0.7818599783314818,3.2088344102451343,0.8112512198552672,3.6443565364542945,0.09520640168923385,1.2,2.5080064508932245,0.8112512198552672
0.1,column,-5.3580000000000005,0.0,1.2,0.7639558679078702,3.1938807129898352,0.8227956765170197,5.447756112092668,0.18912676435165637,1.2,2.4521503644349516,0.8227956765170197
0.15000000000000002,column,-5.337000000000001,0.0,1.2,0.7409588975049533,3.171438492004225,0.8385848960807839,7.249152591968789,0.313442188036091,1.2,2.433424301053245,0.8385848960807839
0.2,column,-5.316000000000001,0.0,1.2,0.713677325544889,3.1415003216993,0.8589238689801285,9.04987653977326,0.4680191255843129,1.2,2.4240657067956923,0.8589238689801285
0.25,column,-5.295000000000001,0.0,1.2,0.6844444537054463,3.1040659218150584,0.8854356419640214,10.850134660185141,0.652497242645268,1.2,2.414369980149732,0.8854356419640214
0.30000000000000004,column,-5.274,0.0,1.2,0.6550757549730492,3.059135081516903,0.9190508287831572,12.45011898705313,0.8633293776514502,1.2,2.3091409957441003,0.9190508287831572
0.35000000000000003,column,-5.253,0.0,1.2,0.6258325660314613,3.0067076804734754,0.9591112047682178,13.941886879975119,1.080282851183023,1.2,2.381175444284099,0.9591112047682178
0.4,column,-5.232,0.0,1.2,0.5980485323150371,2.9542592436884405,1.0058985902703834,15.604284305585056,1.30447414014216,1.2,2.540619253784224,1.0058985902703834
0.45,column,-5.211,0.0,1.2,0.572195770240738,2.901806430314271,1.0584503001914571,17.42456031272336,1.535419543790743,1.2,2.6528080192151453,1.0584503001914571
0.5,column,-5.19,0.0,1.2,0.5487816056343365,2.8493506195625686,1.1163316960330867,18.817819502982367,1.7737047269526318,1.2,2.1817933052634735,1.1163316960330867
0.55,column,-5.169,0.0,1.2,0.5280388199229422,2.796892974208059,1.1781609781033684,20.072895263743682,2.01926406846331,1.2,2.0993942486313015,1.1781609781033684
0.6000000000000001,column,-5.148000000000001,0.0,1.2,0.5100930850466314,2.7444343177133055,1.2129401611739776,21.566056370460316,2.2704969266035384,1.2,2.2654813828621174,1.2129401611739776
0.65,column,-5.127000000000001,0.0,1.2,0.49411872949683344,2.691975033391744,1.1936695376669664,23.229442778995537,2.524400520075703,1.2,2.5191343403100923,1.1936695376669664
0.7000000000000001,column,-5.106000000000001,0.0,1.2,0.4796482405743566,2.6394785466492854,1.1878720339936297,25.02629704262216,2.7751595538953917,1.2,2.637783125547195,1.1878720339936297
0.75,column,-5.085,0.0,1.2,0.46758570784451814,2.5869840293740474,1.1951101238257293,26.406380429536593,3.020362677038773,1.2,2.227891109062699,1.1951101238257293
0.8,column,-5.064,0.0,1.2,0.4594821431050556,2.5345821176980863,1.214372074395485,27.746926513810138,3.26011517710404,1.2,2.174549235286894,1.214372074395485
0.8500000000000001,column,-5.043,0.0,1.2,0.4569004890743136,2.482370951815507,1.24394858583386,29.275060226657835,3.4887942757673627,1.2,2.3981219358099706,1.24394858583386
0.9,column,-5.022,0.0,1.2,0.4578752842482217,2.4359029441208264,1.2858629613459784,30.75999657016235,3.7068285212129934,1.2,2.3481020993862396,1.2858629613459784
0.9500000000000001,column,-5.001,0.0,1.2,0.4615210429229871,2.395014459378542,1.2915410508979261,32.20138246932715,3.9148514667248886,1.2,2.2970435198501917,1.2915410508979261
1.0,column,-4.9799999999999995,0.0,1.2,0.46749522479076033,2.359513849016781,1.292780355040145,33.60099028178721,4.113895946119963,1.2,2.249110741857981,1.292780355040145
1.05,column,-4.9590000000000005,0.0,1.2,0.4750572131908246,2.329184595597229,1.268199717283844,34.96345596727476,4.305292206471884,1.2,2.210782800208428,1.268199717283844
1.1,column,-4.938000000000001,0.0,1.2,0.48399929271531583,2.3037884129597446,1.2388649807214411,36.270694499929576,4.491463639260337,1.2,2.1590238878133756,1.2388649807214411
1.1500000000000001,column,-4.917,0.0,1.2,0.4943343059010051,2.28271561922228,1.2056961289867738,37.04695820837423,4.675208179526522,1.2,1.4721969455061372,1.2056961289867738
1.2000000000000002,column,-4.896000000000001,0.0,1.2,0.5055949247056561,2.2646512731590924,1.1708163586413367,37.76335713651652,4.858621479130883,1.2,1.3766308266678615,1.1708163586413367
1.25,column,-4.875,0.0,1.2,0.5183667822475773,2.2477852023401086,1.1367706796133163,38.48720796786196,5.043809135691019,1.2,1.4245620629653337,1.1367706796133163
1.3,column,-4.854,0.0,1.2,0.5328802617093096,2.2296655817256843,1.106519514030252,39.31943991727308,5.232750524014735,1.2,1.6316416916177214,1.106519514030252
1.35,column,-4.833,0.0,1.2,0.5493331967286695,2.207788405152697,1.0802509474295585,40.134814881107474,5.424725238680194,1.2,1.6279771193175372,1.0802509474295585
1.4000000000000001,column,-4.812,0.0,1.2,0.5672232780465818,2.182395807287909,1.0580708428382675,41.36085690625374,5.6130277252736,1.2,2.082884454355972,1.0580708428382675
1.4500000000000002,column,-4.791,0.0,1.2,0.5847028382991627,2.153739550594879,1.0399550831725994,42.56320689180083,5.797237031606999,1.2,2.04656415659191,1.0399550831725994
1.5,column,-4.7700000000000005,0.0,1.2,0.6013696440492107,2.1220785073099337,1.026056834147184,43.742219076513905,5.977019594420682,1.2,2.007531179374793,1.026056834147184
1.55,column,-4.7490000000000006,0.0,1.2,0.6168013930565958,2.087676433331617,1.0163367223777342,44.89853879480493,6.152214644207259,1.2,1.9662181366024658,1.0163367223777342
1.6,column,-4.728,0.0,1.2,0.6307834479421133,2.050799373639336,1.010723092251913,46.033160129194165,6.323050805513648,1.2,1.9232822809104388,1.010723092251913
1.6500000000000001,column,-4.707000000000001,0.0,1.2,0.6431766972346291,2.011713734106518,1.009127891012746,47.141796492434764,6.490836057333662,1.2,1.87274903328936,1.009127891012746
1.7000000000000002,column,-4.686,0.0,1.2,0.653918420335754,1.9706845032363873,1.0114557444465315,48.22500042040054,6.659511476429669,1.2,1.8285136105461806,1.0114557444465315
1.75,column,-4.665000000000001,0.0,1.2,0.6630068957294116,1.9279736328698205,1.0135950243484937,49.124377213498036,6.833728387120186,1.2,1.6752500388931608,1.0135950243484937
1.8,column,-4.644,0.0,1.2,0.6713105091235357,1.8838385928205688,1.0157530851433947,49.98981194189943,7.015483487004577,1.2,1.6340304388387115,1.0157530851433947
1.85,column,-4.623,0.0,1.2,0.678524253801812,1.8385319324371576,1.0180345787585836,50.828381447550036,7.205598120583113,1.2,1.5977628348597137,1.0180345787585836
1.9000000000000001,column,-4.602,0.0,1.2,0.6843938105465911,1.7922989204144548,1.0204718590080322,51.60190377816963,7.40429509396327,1.2,1.5342311230372083,1.0204718590080322
1.9500000000000002,column,-4.581,0.0,1.2,0.6887798591784074,1.7453758159368018,1.023054749946925,52.29438528708234,7.611360416609722,1.2,1.4595019604715467,1.023054749946925
2.0,column,-4.5600000000000005,0.0,1.2,0.691645359007567,1.697988583244682,1.0282737283995929,52.819290337762894,7.822674613817531,1.2,1.273495159931882,1.0282737283995929
2.0500000000000003,column,-4.539,0.0,1.2,0.6928197313582245,1.6503519345827127,1.0405954338929446,53.99585454951383,8.029720373525029,1.2,1.9390049338840682,1.0405954338929446
2.1,column,-4.518000000000001,0.0,1.2,0.6917643118552276,1.6026687222448626,1.0597586344081313,55.448416807800804,8.225953637871509,1.2,2.1477928626659444,1.0597586344081313
2.15,column,-4.497000000000001,0.0,1.2,0.6899285041768095,1.555128841263171,1.0855267079441557,56.8922844472183,8.413151347842469,1.2,2.139804790739556,1.0855267079441557
2.2,column,-4.476000000000001,0.0,1.2,0.6873235723834489,1.5079087732567125,1.1031361558122799,58.051822433050106,8.591562962099554,1.2,1.9072558050167714,1.1031361558122799
2.25,column,-4.455,0.0,1.2,0.6843080077836939,1.461171399469163,1.1111792509373288,59.12371889132009,8.763396187079435,1.2,1.8344207743767327,1.1111792509373288
2.3000000000000003,column,-4.434,0.0,1.2,0.6809879605701983,1.4150664359251437,1.128396707337715,60.15066277109462,8.9299485653771,1.2,1.8582414990489013,1.128396707337715
2.35,column,-4.413,0.0,1.2,0.6772192863793729,1.371211360759456,1.1541460904235832,61.113708054607656,9.091443620714116,1.2,1.890642099125476,1.1541460904235832
2.4000000000000004,column,-4.392,0.0,1.2,0.672882183500169,1.3329247194918927,1.1848460643759127,62.48758677016831,9.23935212851022,1.2,2.1959588880417895,1.1848460643759127
2.45,column,-4.371,0.0,1.2,0.668377395603019,1.302128143452979,1.2167684508345078,63.852697355057444,9.373700835088815,1.2,2.1654347156511498,1.2167684508345078
2.5,column,-4.3500000000000005,0.0,1.2,0.6632566013644565,1.2788382291412193,1.2475617677850264,65.31075655276467,9.49341380213211,1.2,2.202195238583021,1.2475617677850264
2.5500000000000003,column,-4.329000000000001,0.0,1.2,0.6575828136823654,1.2630488939443691,1.2350993216409105,66.71481476956336,9.599785852333172,1.2,2.129879529769089,1.2350993216409105
2.6,column,-4.308,0.0,1.2,0.6512596566424815,1.2545807084720497,1.203006684319186,67.96558368296259,9.695200729075896,1.2,1.9951767050698646,1.203006684319186
2.6500000000000004,column,-4.287,0.0,1.2,0.6444366655953427,1.2529224408582824,1.166843476964031,69.14219353322964,9.789730807354202,1.2,1.9985828244904145,1.166843476964031
2.7,column,-4.2738482211274365,0.012575993666628113,1.2,0.6484774593020441,1.25754729574018,1.138605679162947,70.80128327134514,9.88068536165308,1.2,2.5492557539991507,1.138605679162947
2.75,column,-4.264620552818589,0.03143998416657018,1.2,0.6578863330734416,1.2680000841333252,1.1221142351813729,72.62310777985249,9.974738385666091,1.2,2.668851026266659,1.1221142351813729
2.8000000000000003,column,-4.255392884509742,0.05030397466651245,1.2,0.6726437136330615,1.283855432526377,1.1179180989398498,74.36412468364875,10.077328639194132,1.2,2.5909591462160955,1.1179180989398498
2.85,column,-4.246165216200896,0.06916796516645453,1.2,0.6921290703951042,1.304677646450042,1.1267089713441802,76.03399352420757,10.193971472502973,1.2,2.515355377232431,1.1267089713441802
2.9000000000000004,column,-4.236937547892049,0.0880319556663968,1.2,0.7157959588140136,1.3300240860376826,1.150165009646929,77.42059244685132,10.320418304087589,1.2,2.272918228994136,1.150165009646929
2.95,column,-4.227709879583203,0.10689594616633886,1.2,0.7416639320540799,1.3594484415591954,1.1845023031792599,78.03831442500612,10.45838544212959,1.2,1.5529319065597444,1.1845023031792599
3.0,column,-4.218482211274356,0.12575993666628094,1.2,0.768786522639126,1.392503895714748,1.1922895188508098,78.30420572108874,10.602454853124275,1.2,0.9293242683575296,1.1922895188508098
3.0500000000000003,column,-4.2092545429655095,0.14462392716622322,1.2,0.7969258972147986,1.4287461544923457,1.1581217925141742,78.75616169635992,10.740245363986775,1.2,1.2591914331343677,1.1581217925141742
3.1,column,-4.200026874656663,0.16348791766616527,1.2,0.8242267664595058,1.4677363260362961,1.1330056131282795,79.5597544270267,10.867506459420152,1.2,1.6406559807908916,1.1330056131282795
3.1500000000000004,column,-4.190799206347816,0.18235190816610755,1.2,0.8504451461876036,1.5079884969355017,1.114016224647341,81.03618656069048,10.990642886197403,1.2,2.1751957501140056,1.114016224647341
3.2,column,-4.18157153803897,0.2012158986660496,1.2,0.8752216993866606,1.5474732781310325,1.10163978363492,82.54312371427542,11.113420906480336,1.2,2.299155763627796,1.10163978363492
3.25,column,-4.172343869730123,0.2200798891659917,1.2,0.8989997503478511,1.584122758673836,1.0965630605532881,84.12638581082247,11.239237545341151,1.2,2.3989126090544652,1.0965630605532881
3.3000000000000003,column,-4.163116201421277,0.23894387966593394,1.2,0.9220537453915452,1.616287129182251,1.1002507751237833,85.12650526328383,11.36729074481562,1.2,1.893341788968635,1.1002507751237833
3.35,column,-4.15388853311243,0.25780787016587603,1.2,0.94628498523976,1.6432351011966864,1.1125470662000763,85.7609215658641,11.499234354226132,1.2,1.5616516880307738,1.1125470662000763
3.4000000000000004,column,-4.144660864803583,0.2766718606658183,1.2,0.9718994625134734,1.6651474220657843,1.1333233649648058,86.31227490257764,11.637705626487852,1.2,1.4683773673027498,1.1333233649648058
3.45,column,-4.135433196494737,0.29553585116576037,1.2,0.9984695890914527,1.6829928039261088,1.1608477768084595,86.74704019451309,11.78382330791696,1.2,1.2818170695830917,1.1608477768084595
3.5,column,-4.12620552818589,0.31439984166570245,1.2,1.025108317583641,1.6981726061734252,1.1910089280877576,87.17394032417923,11.937332491681369,1.2,1.2269324736837286,1.1910089280877576
3.5500000000000003,column,-4.116977859877043,0.3332638321656447,1.2,1.051043722073493,1.7120505595395876,1.2200852889729605,87.73575690614213,12.09776868506699,1.2,1.2860072096820723,1.2200852889729605
3.6,column,-4.107750191568197,0.3521278226655868,1.2,1.075739279250163,1.725706312725102,1.2459344453418209,88.79697899310617,12.26591416219621,1.2,1.7586020627544496,1.2459344453418209
3.6500000000000004,column,-4.09852252325935,0.37099181316552904,1.2,1.099082006375714,1.7398771816287506,1.2529052562546712,89.89583123988915,12.443592616426,1.2,1.8282133386023098,1.2529052562546712
3.7,column,-4.089294854950503,0.3898558036654711,1.2,1.1207395176309984,1.7549170263832639,1.2526940162961786,91.0021715334762,12.628666498168295,1.2,1.8464615497730024,1.2526940162961786
3.75,column,-4.0800671866416565,0.40871979416541315,1.2,1.14121253656718,1.7708950460547321,1.2262601437353868,92.04248852291634,12.820869933969957,1.2,1.7379102210049162,1.2262601437353868
3.8000000000000003,column,-4.070839518332811,0.42758378466535546,1.2,1.1607357715516635,1.787658537188838,1.1841489920500516,92.98014940481764,13.019605618933141,1.2,1.4713672629019583,1.1841489920500516
3.85,column,-4.061611850023964,0.44644777516529754,1.2,1.179422176568428,1.8048707093577987,1.148915604471015,93.96373360364244,13.223740538835598,1.2,1.5711539071810479,1.148915604471015
3.9000000000000004,column,-4.052384181715118,0.4653117656652398,1.2,1.1974410916921072,1.82203756749923,1.125244123264708,94.81962107003535,13.422571900218085,1.2,1.608004451479611,1.125244123264708
3.95,column,-4.043156513406271,0.4841757561651819,1.2,1.2140550952580962,1.8385435341962897,1.107186575587153,96.02663971911748,13.612204389795284,1.2,1.9788391273507593,1.107186575587153
4.0,column,-4.033928845097424,0.503039746665124,1.2,1.227780393030687,1.8455059073731983,1.0945094907397475,97.17722600321648,13.794610507857914,1.2,1.9597667722202694,1.0945094907397475
4.05,column,-4.024701176788577,0.521903737165066,1.2,1.2386343448503971,1.8441004481659065,1.0871903706483703,98.29096947036305,13.97182279892651,1.2,1.950626041631537,1.0871903706483703
4.1000000000000005,column,-4.015473508479731,0.5407677276650085,1.2,1.2466376947791116,1.8414051289815327,1.0853988294671024,99.38039224304464,14.145921072154326,1.2,1.9427272388526906,1.0853988294671024
4.15,column,-4.006245840170884,0.5596317181649505,1.2,1.2517792362046516,1.8373476923603096,1.0916743615987787,100.67994173390348,14.320383842623857,1.2,2.108226240751874,1.0916743615987787
4.2,column,-3.997018171862037,0.5784957086648926,1.2,1.2536390497326966,1.8319030415994757,1.104971990676467,101.93341322083077,14.496205848311622,1.2,2.05741484642813,1.104971990676467
4.25,column,-3.9877905035531906,0.5973596991648347,1.2,1.2524193342369536,1.825087196987554,1.126043388194808,103.2678730733573,14.665052995370822,1.2,2.1750504334429066,1.126043388194808
4.3,column,-3.9785628352443445,0.6162236896647767,1.2,1.250666284850919,1.8169462742046034,1.1522188622201859,104.43569942852815,14.830648163509904,1.2,1.9357390726812338,1.1522188622201859
4.3500000000000005,column,-3.969335166935497,0.6350876801647192,1.2,1.2479061110408214,1.8075435193758602,1.1810240531958256,105.53238036709715,14.996717898861416,1.2,1.7242321702556587,1.1810240531958256
4.4,column,-3.960107498626651,0.6539516706646613,1.2,1.2437186665318374,1.7969472741498198,1.2011542805451099,106.62434952040196,15.166247114078091,1.2,1.783662818407248,1.2011542805451099
4.45,column,-3.9508798303178043,0.6728156611646033,1.2,1.237806527718273,1.7852214892223468,1.2040983499491313,107.73876857848887,15.340918924671964,1.2,1.8499948209216668,1.2040983499491313
4.5,column,-3.9416521620089577,0.6916796516645454,1.2,1.2299800008863166,1.7724191629422628,1.2060283249315746,108.86549238681972,15.521458211966067,1.2,1.8741672548702855,1.2060283249315746
4.55,column,-3.9324244937001107,0.7105436421644875,1.2,1.2201757778498887,1.7585784472981347,1.2070246773605666,109.96622630509052,15.707510976300034,1.2,1.8385234438797717,1.2070246773605666
4.6000000000000005,column,-3.923196825391264,0.72940763266443,1.2,1.2085093704866403,1.7437211305833884,1.2073195226004174,111.04606838410702,15.89838767833026,1.2,1.8102400295138215,1.2073195226004174
4.65,column,-3.9139691570824175,0.748271623164372,1.2,1.1951181072891266,1.7278534940423436,1.20724790823505,112.4453853859996,16.086302353425566,1.2,2.1152324407247294,1.20724790823505
4.7,column,-3.904741488773571,0.7671356136643142,1.2,1.1820624554021435,1.7109698435190328,1.2071934044942398,113.84149266698242,16.27102606428826,1.2,2.101138258219396,1.2071934044942398
4.75,column,-3.8955138204647244,0.7859996041642562,1.2,1.1693953726071526,1.6930590885546943,1.2049392172880815,115.16142476382493,16.44276100276198,1.2,2.124426602616614,1.2049392172880815
4.800000000000001,column,-3.886286152155878,0.8048635946641984,1.2,1.1586576433855302,1.674114417788707,1.2004604267318597,116.37140994206257,16.60362265472947,1.2,2.03483940185783,1.2004604267318597
4.8500000000000005,column,-3.8770584838470312,0.8237275851641409,1.2,1.1496360774593217,1.6540843269490193,1.1940508692958225,117.47003751270447,16.756030041748808,1.2,1.939412943843945,1.1940508692958225
4.9,column,-3.8678308155381846,0.8425915756640829,1.2,1.1421765105919766,1.632857498038775,1.186281665452865,118.47276089803383,16.90245599917402,1.2,1.8518424313946564,1.186281665452865
4.95,column,-3.858603147229338,0.8614555661640251,1.2,1.1361772251906594,1.6102554533940328,1.1779597602854661,119.3980101112164,17.045034388907172,1.2,1.7737182587250175,1.1779597602854661
5.0,normal,-3.8493754789204915,0.8803195566639671,1.2,1.4981402629292415,1.5860360859473648,1.1777185157039793,121.0113474289688,17.17946955627581,1.2,2.406417967813249,1.1777185157039793
5.050000000000001,normal,-3.8401478106116445,0.8991835471639096,1.2,1.4951579969501,1.5599135638931563,1.1853539836818987,122.50480537020475,17.31303344016705,1.2,2.3056270598049577,1.1853539836818987
5.1000000000000005,normal,-3.830920142302798,0.9180475376638517,1.2,1.4906980344003231,1.5319595480116182,1.199585011256346,123.87865866161437,17.452460964508035,1.2,2.1699742703543192,1.199585011256346
5.15,normal,-3.8216924739939513,0.9369115281637936,1.2,1.4846498161200183,1.502627192813485,1.218505399871583,125.34412045244903,17.595250613429144,1.2,2.190596581984987,1.218505399871583
5.2,normal,-3.8124648056851047,0.9557755186637358,1.2,1.4759201362091334,1.4726443182770397,1.2376005157824228,126.93215247616672,17.740118149752146,1.2,2.358634036408305,1.2376005157824228
5.25,normal,-3.803237137376258,0.9746395091636778,1.2,1.4658245263098686,1.4428509902861182,1.2518164495386463,128.56737852615495,17.888098003050224,1.2,2.435031251586557,1.2518164495386463
5.300000000000001,normal,-3.7940094690674115,0.9935034996636203,1.2,1.4561991243811439,1.4139912723487253,1.2234155069260837,130.20183760336718,18.044259717685417,1.2,2.45014925404229,1.2234155069260837
5.3500000000000005,normal,-3.784781800758565,1.0123674901635624,1.2,1.4469715809835832,1.3865762462732678,1.1898567816425827,131.74061969089627,18.215192275283837,1.2,2.384074042565575,1.1898567816425827
5.4,normal,-3.7755541324497184,1.0312314806635043,1.2,1.4379752215023984,1.3609100722446605,1.164515151727694,133.34100671883587,18.403068636407102,1.2,2.4192818070838804,1.164515151727694
5.45,normal,-3.766326464140872,1.0500954711634465,1.2,1.4296425966789528,1.3371769407860818,1.1450111962224832,134.8599534289614,18.596104311467105,1.2,2.318108929790763,1.1450111962224832
5.5,normal,-3.757098795832025,1.0689594616633886,1.2,1.4199672091897153,1.3154438408553342,1.1332588604920002,136.43090289299732,18.796434956046472,1.2,2.3939277004204147,1.1332588604920002
5.550000000000001,normal,-3.7478711275231786,1.087823452163331,1.2,1.4094884945659956,1.295735400579799,1.129308625489584,137.93799016125277,19.005056778805,1.2,2.3336532622239856,1.129308625489584
5.6000000000000005,normal,-3.7386434592143316,1.1066874426632731,1.2,1.3982727223264277,1.2780348178999443,1.132784782599759,139.28996018247165,19.222114451875015,1.2,2.1858150748853102,1.132784782599759
5.65,normal,-3.729415790905485,1.1255514331632153,1.2,1.3879700158965598,1.2622909807528668,1.1427584599625187,140.60443866544063,19.44755813244659,1.2,2.1341716899724026,1.1427584599625187
5.7,normal,-3.7201881225966384,1.1444154236631574,1.2,1.3785871872141808,1.2484301383469718,1.158465334480624,142.13776467336157,19.679170534840328,1.2,2.287277462513132,1.158465334480624
5.75,normal,-3.710960454287792,1.1632794141630993,1.2,1.3710703321706543,1.2363714008309212,1.177629433049739,143.5797227586435,19.91469183472126,1.2,2.1556766075110767,1.177629433049739
5.800000000000001,normal,-3.7017327859789453,1.1821434046630417,1.2,1.3651466463852457,1.2260443613490406,1.2005365324904953,144.53427947880624,20.150811489402052,1.2,1.4905414035733415,1.2005365324904953
5.8500000000000005,normal,-3.6925051176700987,1.2010073951629838,1.2,1.3590540083674252,1.2174002868821292,1.2247295561949938,145.55392194266216,20.385821883168596,1.2,1.702834574015732,1.2247295561949938
5.9,normal,-3.683277449361252,1.219871385662926,1.2,1.3520975099207682,1.2104147857503023,1.250182032153047,146.33912398988318,20.61836606830415,1.2,1.4221610131442213,1.250182032153047
5.95,normal,-3.6740497810524055,1.238735376162868,1.2,1.3449262157133481,1.205081509853475,1.2551970567490607,147.14665104882278,20.847403641987047,1.2,1.4769918110989646,1.2551970567490607
6.0,normal,-3.664822112743559,1.25759936666281,1.2,1.3372977959272536,1.2014003511070601,1.257654660062705,147.9756759760992,21.07222773591829,1.2,1.5211512753694136,1.257654660062705
6.050000000000001,normal,-3.6555944444347124,1.2764633571627526,1.2,1.3290077206658442,1.199363909903779,1.2599874097222006,148.7833422431578,21.2929086507105,1.2,1.5176276544764793,1.2599874097222006
6.1000000000000005,normal,-3.646366776125866,1.2953273476626948,1.2,1.3200038194992008,1.1989460105096472,1.2621541745314573,149.56391801824265,21.509699572829042,1.2,1.5049829821039693,1.2621541745314573
6.15,normal,-3.637139107817019,1.3141913381626367,1.2,1.3102777663064231,1.2000992294009944,1.2641553118864834,150.58800093359702,21.722895584711477,1.2,1.810377302404881,1.2641553118864834
6.2,normal,-3.6279114395081726,1.3330553286625788,1.2,1.3011208149190154,1.2027559264556382,1.2660227383950045,151.53565825909777,21.932844875101452,1.2,1.73128003162543,1.2660227383950045
6.25,normal,-3.618683771199326,1.3519193191625207,1.2,1.2923879089547161,1.20683075153511,1.2678087376851264,152.41473940683358,22.13996226817289,1.2,1.654607044217355,1.2678087376851264
6.300000000000001,normal,-3.6094561028904795,1.3707833096624633,1.2,1.28376339479756,1.2122241445609876,1.2695746231683518,153.23835098374047,22.344737693228574,1.2,1.586461593656675,1.2695746231683518
6.3500000000000005,normal,-3.600228434581633,1.3896473001624055,1.2,1.2751263049939567,1.21882634118424,1.2713802192431012,154.02548103631023,22.547721642217148,1.2,1.5348809035678599,1.2713802192431012
6.4,normal,-3.5910007662727863,1.4085112906623474,1.2,1.266380063800702,1.2265214194345746,1.2732749404154105,154.8142852717977,22.749467234992323,1.2,1.520579189770152,1.2732749404154105
6.45,normal,-3.5817730979639397,1.4273752811622895,1.2,1.2580802232982207,1.2351909782947046,1.2704699615296493,155.73636628522428,22.943074735905615,1.2,1.675852927319135,1.2704699615296493
6.5,normal,-3.5799999999999996,1.4479648465900068,1.2,1.2717122006599273,1.244717129178432,1.263195503866723,156.61434767468018,23.133009183321168,1.2,1.628083367154881,1.263195503866723
6.550000000000001,normal,-3.58,1.468964846590007,1.2,1.2837000288876041,1.2548965978213185,1.2520381267071246,157.4364309349973,23.32403435596448,1.2,1.567095469441591,1.2520381267071246
6.6000000000000005,normal,-3.58,1.489964846590007,1.2,1.2946966868548937,1.265409037858949,1.2379637185280143,158.16581260481524,23.516587119884594,1.2,1.460719843391812,1.2379637185280143
6.65,normal,-3.58,1.510964846590007,1.2,1.304698803988202,1.275809834587561,1.2271741872600277,158.86675843601262,23.70390225751935,1.2,1.441363553651475,1.2271741872600277
6.7,normal,-3.5799999999999996,1.5319648465900066,1.2,1.3128091642339637,1.2855391311678197,1.2205332303815837,159.57667516209477,23.886749033406485,1.2,1.4662051430596335,1.2205332303815837
6.75,normal,-3.58,1.5529648465900068,1.2,1.3190616109740667,1.2941610310003377,1.2184888859625675,160.28610620216392,24.067074145553306,1.2,1.4697777645870485,1.2184888859625675
6.800000000000001,normal,-3.58,1.5739648465900071,1.2,1.3235049544433397,1.3014350208988983,1.2209949588773745,160.97419655934408,24.246195248932466,1.2,1.4347524161361798,1.2209949588773745
6.8500000000000005,normal,-3.5799999999999996,1.594964846590007,1.2,1.327415102135065,1.3073552564198776,1.2275392243523686,161.60727880347292,24.426275299975163,1.2,1.3362327735514927,1.2275392243523686
6.9,normal,-3.58,1.615964846590007,1.2,1.3307711874955566,1.312137693326531,1.2372661454284066,162.1898692740072,24.608071047581877,1.2,1.2264040777813923,1.2372661454284066
6.95,normal,-3.58,1.6369648465900069,1.2,1.333550067712502,1.3161586214475212,1.2491433447836566,162.62480975517883,24.791659179437836,1.2,1.0772095819839111,1.2491433447836566
7.0,normal,-3.5799999999999996,1.6579648465900068,1.2,1.3357167997011636,1.3198696809826767,1.2621169528154352,163.11927734523732,24.976977569344506,1.2,1.0731865461683774,1.2621169528154352
7.050000000000001,normal,-3.58,1.678964846590007,1.2,1.337197733950072,1.3237186648549841,1.2752235766145013,163.6445831392716,25.163802095054248,1.2,1.074606600378274,1.2752235766145013
7.1000000000000005,normal,-3.58,1.6999648465900072,1.2,1.3379238014354584,1.3280941086996119,1.2877630703275702,164.16609957249705,25.352065832578685,1.2,1.0736326629182211,1.2877630703275702
7.15,normal,-3.58,1.720964846590007,1.2,1.337873515542709,1.333297080562919,1.299605365578477,164.68343433456724,25.541881890814388,1.2,1.0609425524711873,1.299605365578477
7.2,normal,-3.58,1.7419648465900068,1.2,1.3370746222263572,1.2886977669596416,1.3107634613301578,165.1942019045157,25.733258211601203,1.2,1.0372297117651565,1.3107634613301578
7.25,normal,-3.58,1.7629648465900067,1.2,1.3355587897816594,1.2389984467278263,1.3212463713498819,166.13056887741058,25.91915304568496,1.2,1.4926760152473324,1.3212463713498819
7.300000000000001,normal,-3.58,1.783964846590007,1.2,1.331719373502215,1.1895844803399092,1.3310591589388503,167.0308295221128,26.100530694260748,1.2,1.459171827594991,1.3310591589388503
7.3500000000000005,normal,-3.58,1.804964846590007,1.2,1.3257372600282467,1.140648262985675,1.3402031285266702,167.8827800627334,26.278604093166425,1.2,1.4188968492725995,1.3402031285266702
7.4,normal,-3.58,1.8259648465900067,1.2,1.317850490738154,1.092404942012705,1.3486761532908447,168.69099545698217,26.454650741965565,1.2,1.3831566970957667,1.3486761532908447
7.45,normal,-3.58,1.8469648465900068,1.2,1.3083229630290487,1.0450649668555905,1.3564731164522779,169.31657886070207,26.62544964055532,1.2,1.2104204866803545,1.3564731164522779
7.5,normal,-3.58,1.8679648465900067,1.2,1.2985678709805568,0.9988334911485084,1.3635864431236653,169.9119966777542,26.79130998495571,1.2,1.1738103899601477,1.3635864431236653
7.550000000000001,normal,-3.58,1.888964846590007,1.2,1.288830227355914,0.9539096891793177,1.3700066995368803,170.47107861652694,26.952875095589903,1.2,1.1212815763767652,1.3700066995368803
7.6000000000000005,normal,-3.58,1.909964846590007,1.2,1.2791788559531394,0.9104859328804564,1.375723237094756,171.0165371667713,27.11034568617106,1.2,1.098279683413694,1.375723237094756
7.65,normal,-3.58,1.930964846590007,1.2,1.2698445910004394,0.8687467753734406,1.3807248598960455,171.5518803600682,27.26391127687285,1.2,1.077909723924209,1.3807248598960455
7.7,normal,-3.5799999999999996,1.9519648465900068,1.2,1.261045998522509,0.8288676929482164,1.343171359047192,172.07986879471883,27.413754842350066,1.2,1.0594917509682444,1.343171359047192
7.75,normal,-3.58,1.9729648465900067,1.2,1.2530518318219825,0.7910135516239802,1.2968083915518671,172.60263074544562,27.56005813384372,1.2,1.042525714646515,1.2968083915518671
7.800000000000001,normal,-3.58,1.993964846590007,1.2,1.2459114645270912,0.7553367891954577,1.2518426089332488,173.12176604002207,27.703007842148054,1.2,1.0266557152111147,1.2518426089332488
7.8500000000000005,normal,-3.58,2.014964846590007,1.2,1.239659908938377,0.7219753399385079,1.2087252351459354,173.65671402433065,27.84330231351595,1.2,1.0605869554677234,1.2087252351459354
7.9,normal,-3.58,2.035964846590007,1.2,1.2335657307270078,0.6910503757941993,1.169299222308776,174.26831468802249,27.982724113999517,1.2,1.1740124465834114,1.169299222308776
7.95,normal,-3.58,2.056964846590007,1.2,1.2272283182546453,0.6626639904361564,1.1359679047463405,175.06277290301492,28.124288156038745,1.2,1.341429206622037,1.1359679047463405
8.0,normal,-3.5799999999999996,2.0779648465900067,1.2,1.2203220106507664,0.63689700271195,1.1101188300191775,176.00168698364098,28.270386645125456,1.2,1.432350111302646,1.1101188300191775
8.05,normal,-3.5800000000000005,2.098964846590007,1.2,1.2128994719397486,0.6138070915139371,1.0917220777421606,176.93885760194308,28.421647553232553,1.2,1.4181161069370076,1.0917220777421606
8.1,normal,-3.58,2.1199648465900065,1.2,1.2053299254895866,0.5934274817840726,1.0802366256878726,177.815518633188,28.578000485189918,1.2,1.3738155370793357,1.0802366256878726
8.15,normal,-3.58,2.140964846590007,1.2,1.1981196438517414,0.5757663704487279,1.075019069701198,178.62518738059333,28.739168990638433,1.2,1.3243907081433464,1.075019069701198
8.200000000000001,normal,-3.58,2.161964846590007,1.2,1.1917841747746603,0.5608072088471583,1.0754252913617777,179.37380337123966,28.90483285278999,1.2,1.2769729749026015,1.0754252913617777
8.25,normal,-3.5799999999999996,2.1829648465900067,1.2,1.1867382325735512,0.5485098537789634,1.0763637750978883,180.043531357189,29.070551453213753,1.2,1.2579858952396707,1.0763637750978883
8.3,normal,-3.58,2.203964846590007,1.2,1.1829208594679077,0.5388124839161675,1.0774272024055345,180.65970683625721,29.23700285800604,1.2,1.2608369722076795,1.0774272024055345
8.35,normal,-3.58,2.2249648465900065,1.2,1.1799397646767948,0.5316340803026959,1.0786952465481139,181.29419691136158,29.40577770466154,1.2,1.287762397118539,1.0786952465481139
8.4,normal,-3.58,2.245964846590007,1.2,1.1773919935853676,0.52687721480284,1.080257696512781,182.0132412741346,29.57872881161285,1.2,1.3545826842552706,1.080257696512781
8.450000000000001,normal,-3.58,2.266964846590007,1.2,1.1749140412948251,0.5244308919055595,1.0821875789477202,182.8232338226691,29.75740158309634,1.2,1.4365777264625272,1.0821875789477202
8.5,normal,-3.58,2.2879648465900067,1.2,1.1722394404540457,0.5241732423752273,1.0845436993280355,183.64612670115497,29.942451239567774,1.2,1.4454972044888579,1.0845436993280355
8.55,normal,-3.58,2.308964846590007,1.2,1.1692771852984094,0.525973951021251,1.0865212919133227,184.38258729733033,30.133438558701,1.2,1.3556478699210097,1.0865212919133227
8.6,normal,-3.58,2.3299648465900065,1.2,1.1657906980879367,0.5296963874293423,1.0882549863824702,184.99965639604176,30.329096202649325,1.2,1.2290131206037302,1.0882549863824702
8.65,normal,-3.58,2.350964846590007,1.2,1.1622768573055495,0.5351994739313808,1.089806863377236,185.52801591109775,30.527837575917623,1.2,1.0703569301248879,1.089806863377236
8.700000000000001,normal,-3.58,2.371964846590007,1.2,1.1596858498668123,0.541176906672955,1.091139159654843,186.10362894839307,30.72842952867426,1.2,1.162361600578015,1.091139159654843
8.75,normal,-3.58,2.3929648465900066,1.2,1.1591352475502181,0.5455241380021799,1.0899691942594305,187.0419763092179,30.928975576366994,1.2,1.6605785094629701,1.0899691942594305
8.8,normal,-3.58,2.413964846590007,1.2,1.1608511271029656,0.5457153467502521,1.0832172751875604,188.16868427258254,31.126855670782437,1.2,1.9315636969188783,1.0832172751875604
8.85,normal,-3.58,2.4349648465900064,1.2,1.1638810735768192,0.5422642431305256,1.0699078598391027,189.38054462025076,31.321422262125687,1.2,2.040728087975391,1.0699078598391027
8.9,normal,-3.58,2.455964846590007,1.2,1.1673607777403654,0.5357553476529731,1.0493143976638446,190.22712412316852,31.513510883579634,1.2,1.7418735027115635,1.0493143976638446
8.950000000000001,normal,-3.58,2.4769648465900067,1.2,1.170314159740524,0.5268260476168107,1.021969408749327,190.98950180067845,31.70411913000855,1.2,1.6608039841001652,1.021969408749327
9.0,normal,-3.58,2.4979648465900066,1.2,1.172539856217378,0.5161492744788357,0.9905205517124172,192.08978998406482,31.892851275830743,1.2,2.0284580260624225,0.9905205517124172
9.05,normal,-3.58,2.518964846590007,1.2,1.1731601676156291,0.5044157730364941,0.9560444268229125,192.7526511821012,32.07792504754279,1.2,1.4577271866033072,0.9560444268229125
9.1,normal,-3.58,2.5399648465900064,1.2,1.1731819333844429,0.4923152863550093,0.922123490729667,193.1188127215745,32.260606279375565,1.2,1.0493701661587682,0.922123490729667
9.15,normal,-3.58,2.560964846590007,1.2,1.1725932908785937,0.48156418259353095,0.8918878918459351,193.4398224957621,32.440769418330895,1.2,1.0026882001995,0.8918878918459351
9.200000000000001,normal,-3.58,2.581964846590007,1.2,1.1712120453672088,0.4736462163805065,0.8678363702075177,193.84977818103206,32.61861909314419,1.2,1.2008901868214206,0.8678363702075177
9.25,normal,-3.58,2.6029648465900066,1.2,1.1689150302942566,0.4691876919319812,0.8519501919645182,194.36082749780945,32.79488375324064,1.2,1.3576519017640725,0.8519501919645182
9.3,normal,-3.58,2.623964846590007,1.2,1.1656296996054043,0.4682633995367548,0.8455783301385057,194.93618880356829,32.97060999693625,1.2,1.4442647632457428,0.8455783301385057
9.35,normal,-3.58,2.6449648465900064,1.2,1.1612816466400773,0.4706498953922412,0.8496728822731167,195.53130642407567,33.1472115690174,1.2,1.4755103570656494,0.8496728822731167
9.4,normal,-3.58,2.665964846590007,1.2,1.155843260685331,0.47594005748221035,0.8650643461356554,196.1306068487993,33.32638828680538,1.2,1.4888375862440308,0.8650643461356554
9.450000000000001,normal,-3.58,2.6869648465900067,1.2,1.1493566826396866,0.48369618681123794,0.8923600981495103,196.79216513675397,33.50369696233135,1.2,1.5672561343494804,0.8923600981495103
9.5,normal,-3.58,2.7079648465900066,1.2,1.1412828165634843,0.4935501498567625,0.9317061778769227,197.37563475037103,33.68182846164183,1.2,1.438034060010164,0.9317061778769227
9.55,normal,-3.58,2.728964846590007,1.2,1.1318735712186074,0.505200351661048,0.9821208360990245,197.8480926860327,33.86300499146619,1.2,1.2678631781918392,0.9821208360990245
9.600000000000001,normal,-3.58,2.749964846590007,1.2,1.1215316990408855,0.5183909266560907,1.0411066430716487,198.2702295728038,34.04677253399435,1.2,1.2547712753990918,1.0411066430716487
9.65,normal,-3.58,2.7709648465900067,1.2,1.1110955942275424,0.5328169870282468,1.105414329136184,198.82437474893084,34.234902243827904,1.2,1.4324007378332646,1.105414329136184
9.700000000000001,normal,-3.58,2.791964846590007,1.2,1.1010220036438707,0.5481916326008159,1.1061930080977136,199.4589065845259,34.427355559196855,1.2,1.5144100692517388,1.1061930080977136
9.75,normal,-3.58,2.812964846590006,1.2,1.0914083644236352,0.5642472676344941,1.098240820623945,200.51220483193666,34.61456779803043,1.2,1.9042295039031754,1.098240820623945
9.8,normal,-3.58,2.833964846590008,1.2,1.0820108950330618,0.5807721673824582,1.1013393847474588,201.6069621940665,34.79691201415832,1.2,1.9558200907918597,1.1013393847474588
9.850000000000001,normal,-3.58,2.8549648465900073,1.2,1.0725959162041538,0.5976190906770088,1.1150269977891085,202.65809399538713,34.97543694477615,1.2,1.8941067182446347,1.1150269977891085
9.9,normal,-3.58,2.875964846590007,1.2,1.0631064817367444,0.6147153822546869,1.1383343163873052,203.6333965595167,35.15267204109344,1.2,1.8073438220543288,1.1383343163873052
9.950000000000001,normal,-3.58,2.896964846590007,1.2,1.0533405400767428,0.6320791616819309,1.1695529360497359,204.5483121230063,35.33174792404642,1.2,1.741504245704005,1.1695529360497359
10.0,normal,-3.58,2.917964846590007,1.2,1.0428998793803608,0.6498267653827362,1.204217480516564,205.2959936677464,35.51336570290344,1.2,1.4770716216110593,1.204217480516564
10.05,normal,-3.58,2.938964846590007,1.2,1.0309054336832502,0.6681576633459111,1.2394027915937942,205.8865042950488,35.69821040051722,1.2,1.397871100559088,1.2394027915937942
10.100000000000001,normal,-3.58,2.9599648465900077,1.2,1.0170793475376305,0.6873059610215366,1.2663597143882928,206.43468985320732,35.885201007448295,1.2,1.432735259493642,1.2663597143882928
10.15,normal,-3.58,2.9809648465900067,1.2,1.0011822993213864,0.7074092586559282,1.2838539288513062,206.97149037251376,36.072938621095545,1.2,1.4080047277617147,1.2838539288513062
10.200000000000001,normal,-3.58,3.0019648465900075,1.2,0.9831910961711501,0.7284333218720356,1.302176616757124,207.4599585151916,36.26103917221196,1.2,1.3183000386777624,1.302176616757124
10.25,normal,-3.58,3.0229648465900065,1.2,0.963274237166015,0.750337700249165,1.3211551424181374,207.91079896178144,36.449645069537866,1.2,1.2476800701392432,1.3211551424181374
10.3,normal,-3.58,3.0439648465900073,1.2,0.9415765423743215,0.7730737718978489,1.3406228351238958,208.33050339826227,36.63882098926823,1.2,1.1806057966920007,1.3406228351238958
10.350000000000001,normal,-3.58,3.0649648465900072,1.2,0.9182578534020853,0.7965837147937618,1.3604196905120902,208.72593706559746,36.82858210309326,1.2,1.1177048757256736,1.3604196905120902
10.4,normal,-3.58,3.085964846590007,1.2,0.893493757814773,0.8208002980450437,1.3803929945440077,209.14316771090301,37.01772931903688,1.2,1.1064091533107927,1.3803929945440077
10.450000000000001,normal,-3.58,3.106964846590007,1.2,0.8675477535601879,0.8456473631953425,1.4003978715835577,209.51269376464543,37.20674123160567,1.2,1.0078682656420832,1.4003978715835577
10.5,normal,-3.58,3.127964846590007,1.2,0.8405392092034989,0.8710408537043868,1.4202977575978426,209.84947129425564,37.396008860631724,1.2,0.9268790321000495,1.4202977575978426
10.55,normal,-3.58,3.148964846590007,1.2,0.8125843895440312,0.8968902489791994,1.4399647992949338,210.1671824484825,37.585873218956536,1.2,0.9011262139125271,1.4399647992949338
10.600000000000001,normal,-3.58,3.169964846590007,1.2,0.7838019800388202,0.9231002661122529,1.4564184799663464,210.50001147361357,37.776741392861254,1.2,0.9432499737011615,1.4564184799663464
10.65,normal,-3.569035153409993,3.1799999999999997,1.2,0.7497831758851368,0.9495727057122527,1.4636943641967761,211.11408827044852,37.96635632599025,1.2,1.1986693071179584,1.4636943641967761
10.700000000000001,normal,-3.5480351534099923,3.1799999999999993,1.2,0.7131215273266923,0.9761099364814483,1.469502309444592,211.7196410367303,38.151830407720915,1.2,1.2200005234522155,1.469502309444592
10.75,normal,-3.5270351534099933,3.1799999999999997,1.2,0.676769180673292,1.0024338794384138,1.4478453869166379,212.32132270389278,38.33316087066925,1.2,1.2419629710281819,1.4478453869166379
10.8,normal,-3.5060351534099925,3.1799999999999997,1.2,0.6412371152710297,0.9721221460763301,1.4099805957499547,212.9228893841747,38.51121157907791,1.2,1.2629776423678365,1.4099805957499547
10.850000000000001,normal,-3.4850351534099926,3.1799999999999997,1.2,0.6078478052563923,0.9351816720498327,1.3731643456563483,213.5272300892149,38.68662892290908,1.2,1.2827495639170217,1.3731643456563483
10.9,normal,-3.4640351534099927,3.1799999999999997,1.2,0.5830096565675348,0.9011367898607507,1.3373838600428258,214.13641433920964,38.859229496484886,1.2,1.3011838348574345,1.3373838600428258
10.950000000000001,normal,-3.4430351534099928,3.1799999999999997,1.2,0.5715979719170576,0.870214510649667,1.3002622943576427,214.7517544783298,39.02855459416993,1.2,1.3181557168338234,1.3002622943576427
11.0,normal,-3.422035153409993,3.1799999999999997,1.2,0.5671115920073087,0.8425976193306748,1.2161052184103776,215.37387948739033,39.19411035910954,1.2,1.3334568444238593,1.2161052184103776
11.05,normal,-3.401035153409993,3.1799999999999997,1.2,0.565128087698673,0.8184192466034306,1.1372193427284263,216.160649710893,39.35326351933492,1.2,1.5395011855088145,1.1372193427284263
11.100000000000001,normal,-3.380035153409992,3.1799999999999997,1.2,0.563558400758272,0.7977675161058257,1.0659271317957137,217.19951122011867,39.50363526601356,1.2,1.7624830980349362,1.0659271317957137
11.15,normal,-3.359035153409993,3.1799999999999997,1.2,0.5618159646296281,0.7807505180432908,1.0023392891547367,218.31299268320396,39.645715244869436,1.2,1.8823620767340565,1.0023392891547367
11.200000000000001,normal,-3.3380351534099924,3.1799999999999997,1.2,0.5599835861514024,0.7672622304250496,0.9465311129189198,219.53778129557588,39.781717070228815,1.2,2.0236191195609115,0.9465311129189198
11.25,normal,-3.317035153409993,3.1799999999999993,1.2,0.5581097720019614,0.756999022536547,0.8985562237643907,220.8529267156769,39.91610048783424,1.2,2.11831806665822,0.8985562237643907
11.3,normal,-3.296035153409992,3.1799999999999997,1.2,0.5561123227814319,0.7495457384490823,0.8584579346065488,222.1706838025076,40.05325355612692,1.2,2.1173618249062165,0.8584579346065488
11.350000000000001,normal,-3.275035153409992,3.1799999999999997,1.2,0.5537976090730687,0.7445018513841525,0.8262709339787402,223.38975221544857,40.19486928705002,1.2,2.003717639198104,0.8262709339787402
11.4,normal,-3.2540351534099927,3.1799999999999997,1.2,0.5508157431144988,0.741576189715794,0.8013727996358747,224.51868420384378,40.33854668573517,1.2,1.865724761711651,0.8013727996358747
11.450000000000001,normal,-3.2330351534099924,3.1799999999999997,1.2,0.5463105630672244,0.7406011511008886,0.7838534667913164,225.82151100396612,40.480506561051904,1.2,2.148013158812148,0.7838534667913164
11.5,normal,-3.2120351534099925,3.1799999999999993,1.2,0.5400164351025506,0.7414897107014814,0.7735721928815066,227.45505121436486,40.6182100056572,1.2,2.4667882014067235,0.7735721928815066
11.55,normal,-3.191035153409993,3.1799999999999997,1.2,0.5320972845700338,0.7441888697413975,0.7696655253268836,229.12603827167698,40.752962176928314,1.2,2.498260028073884,0.7696655253268836
11.600000000000001,normal,-3.170035153409992,3.1799999999999997,1.2,0.5234157345315135,0.748657781708075,0.7695801541234014,230.71285943042557,40.89153772167413,1.2,2.4128768973125156,0.7695801541234014
11.65,normal,-3.1490351534099927,3.1799999999999997,1.2,0.5156756541936824,0.7548604381575572,0.7699550042802826,232.2644047579048,41.04046519110679,1.2,2.3599633147464654,0.7699550042802826
11.700000000000001,normal,-3.128035153409992,3.1799999999999997,1.2,0.511370111546921,0.7627682858748859,0.7707758584074709,233.65842207290154,41.20230545731754,1.2,2.2404435083243044,0.7707758584074709
11.75,normal,-3.1070351534099934,3.1799999999999997,1.2,0.51111336796566,0.7723718899919052,0.7719986263937778,234.83446472865785,41.37596202288173,1.2,2.00932429905735,0.7719986263937778
11.8,normal,-3.0860351534099926,3.1799999999999997,1.2,0.5136422168053602,0.7836914047878434,0.7737436347551901,235.48954361280374,41.55908301106483,1.2,1.4282217208856607,0.7737436347551901
11.850000000000001,normal,-3.065035153409992,3.1799999999999997,1.2,0.5172172977570678,0.7967727014355666,0.7763626989759389,235.9390789455406,41.74921716595017,1.2,1.1941420605805773,0.7763626989759389
11.9,normal,-3.0440351534099928,3.18,1.2,0.521385090736162,0.8116662172695994,0.780254472932862,236.23298951480922,41.94492694746873,1.2,1.0357128814879832,0.780254472932862
11.950000000000001,normal,-3.023035153409993,3.1799999999999997,1.2,0.5259234849698166,0.8283992039756305,0.7900521890547522,236.87649423538642,42.140434541342806,1.2,1.359148781486644,0.7900521890547522
12.0,normal,-3.0020351534099925,3.1799999999999993,1.2,0.5307260450880196,0.8469510842394461,0.8059142456597466,237.56033379168264,42.33519190056773,1.2,1.4034735276124697,0.8059142456597466
12.05,normal,-2.9810351534099926,3.1799999999999997,1.2,0.5356804294443719,0.867237901553884,0.8278919535765957,238.33766609495171,42.52893488632624,1.2,1.5495261798933926,0.8278919535765957
12.100000000000001,normal,-2.960035153409992,3.1799999999999997,1.2,0.5407171198934709,0.8891084037765766,0.8554708530307162,239.1906103826311,42.72121642073981,1.2,1.6653201892199132,0.8554708530307162
12.15,normal,-2.9390351534099928,3.1799999999999997,1.2,0.5457436471708625,0.9124124431508205,0.8885491056730725,240.04528315960093,42.9122290665474,1.2,1.6841995104779925,0.8885491056730725
12.200000000000001,normal,-2.918035153409992,3.1799999999999997,1.2,0.5507538491076601,0.9370828291124069,0.9275134001647362,240.87047733549878,43.09983274891407,1.2,1.6518680547648645,0.9275134001647362
12.25,normal,-2.8970351534099934,3.1799999999999997,1.2,0.5554438413865682,0.9630537890270114,0.9727220266424346,241.6319712878773,43.28705215483162,1.2,1.5793287960817044,0.9727220266424346
12.3,normal,-2.8760351534099926,3.1799999999999997,1.2,0.5595876555428505,0.9902607307517215,1.0244859921144867,242.31021475275674,43.47672644366122,1.2,1.4805895893742533,1.0244859921144867
12.350000000000001,normal,-2.8550351534099923,3.1799999999999997,1.2,0.5630857203124441,0.9601574939339135,1.0831398923095958,242.91046426119794,43.67105158299621,1.2,1.3929838169382873,1.0831398923095958
12.4,normal,-2.8340351534099923,3.1799999999999997,1.2,0.5660325719085579,0.9257177763651812,1.1487189957783464,243.42220227154291,43.87031815164731,1.2,1.3045079962370085,1.1487189957783464
12.450000000000001,normal,-2.813035153409993,3.1799999999999997,1.2,0.5687408787140175,0.8915367322121388,1.20420586858151,243.63551524419898,44.07026006173473,1.2,0.8807001499394038,1.20420586858151
12.5,normal,-2.792035153409993,3.1799999999999997,1.2,0.5713601577618154,0.8581746461027893,1.18015086478765,244.15093151923347,44.26258596369075,1.2,1.2086236139632824,1.18015086478765
12.55,normal,-2.7710351534099926,3.1799999999999997,1.2,0.5737779863094087,0.8261777441474818,1.16098758962887,244.94676721077548,44.44401950583752,1.2,1.5152924350178008,1.16098758962887
12.600000000000001,normal,-2.750035153409992,3.1799999999999997,1.2,0.5768914001411515,0.7960165016962035,1.1493003196180978,245.87402544048638,44.61385825057664,1.2,1.6947430585996721,1.1493003196180978
12.65,normal,-2.7290351534099933,3.1799999999999997,1.2,0.5820943789545683,0.7680388236596787,1.1465356359339813,246.8850359682216,44.772511660299635,1.2,1.7976198313104486,1.1465356359339813
12.700000000000001,normal,-2.7080351534099925,3.1799999999999997,1.2,0.5902467771714063,0.7423322497515936,1.1528893937773863,247.88503193095846,44.92133523594277,1.2,1.7949231958688359,1.1528893937773863
12.75,normal,-2.687035153409993,3.1799999999999997,1.2,0.6009146346404218,0.7187925726477924,1.1667383842570174,248.7294104978493,45.06338512525599,1.2,1.6499522860845093,1.1667383842570174
12.8,normal,-2.666035153409992,3.1799999999999997,1.2,0.6127410086823459,0.6973814541327168,1.1855554336401724,249.41453205381532,45.20281268614887,1.2,1.4481960486505678,1.1855554336401724
12.850000000000001,normal,-2.6450351534099927,3.1799999999999997,1.2,0.6243176005915321,0.6781254296075576,1.206731108364458,250.00453150603158,45.34195379221249,1.2,1.314898676185738,1.206731108364458
12.9,normal,-2.6240351534099924,3.1799999999999997,1.2,0.6346804633719064,0.6611110750620117,1.174781852561269,250.65135600487042,45.47854580709973,1.2,1.505805256131087,1.174781852561269
12.950000000000001,normal,-2.603035153409993,3.1799999999999997,1.2,0.643429071929233,0.6464766287368086,1.1379871730815343,251.63435845169067,45.608467317808234,1.2,1.9153436269375912,1.1379871730815343
13.0,normal,-2.582035153409993,3.1799999999999997,1.2,0.6503852156611869,0.6344005048670375,1.114937113823117,252.9210393417535,45.7360453186166,1.2,2.1802057948130296,1.114937113823117
13.05,normal,-2.5610351534099927,3.1799999999999997,1.2,0.6556903838960929,0.6250872911981016,1.1051375680422126,254.15292371555853,45.86869618659371,1.2,2.1391691966777957,1.1051375680422126
13.100000000000001,normal,-2.540035153409992,3.1799999999999997,1.2,0.6590309154283479,0.6187519705677217,1.1080811267247945,255.31641823644605,46.0074558278522,1.2,2.072568444469021,1.1080811267247945
13.15,normal,-2.519035153409993,3.1799999999999997,1.2,0.6602677734808005,0.6156032260285409,1.1232512170408522,256.3850419184033,46.153562376227,1.2,1.9690715596067225,1.1232512170408522
13.200000000000001,normal,-2.4980351534099925,3.1799999999999997,1.2,0.6594279811738851,0.6158267617576129,1.1489642391497132,257.28016973126023,46.30954851338659,1.2,1.777900957236603,1.1489642391497132
13.25,normal,-2.4770351534099935,3.1799999999999997,1.2,0.6564100920549197,0.6195696003013438,1.1816791066517334,257.963461012156,46.47729305896111,1.2,1.4871212763712158,1.1816791066517334
13.3,normal,-2.4560351534099927,3.18,1.2,0.6509380410445621,0.6269263156362466,1.2158831170935152,258.38134601044453,46.6546182858588,1.2,1.235399911691668,1.2158831170935152
13.350000000000001,normal,-2.4350351534099928,3.1799999999999997,1.2,0.6429862525672035,0.6379281334195332,1.247698750544413,258.750166691056,46.839850791053564,1.2,1.193784554673128,1.247698750544413
13.4,normal,-2.414035153409993,3.1799999999999997,1.2,0.6326031033711618,0.6525357398404413,1.2748750711517816,259.1307187985469,47.03186204753344,1.2,1.1980742032065308,1.2748750711517816
13.450000000000001,normal,-2.3930351534099925,3.1799999999999997,1.2,0.6199342452134272,0.6706364260504497,1.2955540921826474,259.8058168391238,47.230800317871115,1.2,1.4251444411722036,1.2955540921826474
13.5,normal,-2.3720351534099926,3.1799999999999997,1.2,0.6046206538519855,0.6920458160481555,1.276187836078237,260.45334873761135,47.43706814154336,1.2,1.3725421319804199,1.276187836078237
13.55,normal,-2.351035153409993,3.1799999999999997,1.2,0.5868847409599743,0.7165139183048289,1.2310209112278232,261.1194729543125,47.64832407893852,1.2,1.385433130099822,1.2310209112278232
13.600000000000001,normal,-2.3300351534099923,3.1799999999999997,1.2,0.567312181186036,0.7436935130794499,1.1927950792900335,261.9254793873843,47.861700984755146,1.2,1.5617030458196335,1.1927950792900335
13.65,normal,-2.3090351534099933,3.18,1.2,0.5466447015580919,0.7725504534752938,1.1662212836759929,263.05396166159596,48.07595617728943,1.2,1.8691488208549305,1.1662212836759929
13.700000000000001,normal,-2.2880351534099925,3.1799999999999997,1.2,0.5254724820383196,0.8016992197724488,1.1534684136655957,263.96221064519176,48.28984948270259,1.2,1.63547497463086,1.1534684136655957
13.75,normal,-2.267035153409993,3.1799999999999997,1.2,0.5045830672362637,0.8296952433313107,1.1553817184684347,264.9495451492661,48.50311524494719,1.2,1.6835130104282587,1.1553817184684347
13.8,normal,-2.2460351534099923,3.1799999999999997,1.2,0.48431405298450664,0.8555012024523818,1.1708990714686736,265.8147489606277,48.71661682506209,1.2,1.5851912999562032,1.1708990714686736
13.850000000000001,normal,-2.2250351534099924,3.1799999999999997,1.2,0.46483358583394085,0.878858652669914,1.193784523985589,266.3351522543892,48.927396499197336,1.2,1.2517439487815287,1.193784523985589
13.9,normal,-2.204035153409993,3.1799999999999997,1.2,0.44676657976391976,0.9002633272443545,1.1779650167303346,266.68492829835617,49.13741730609932,1.2,0.9868876735343036,1.1779650167303346
13.950000000000001,normal,-2.1830351534099925,3.1799999999999997,1.2,0.42983446823268734,0.9204773296438427,1.1627045171374184,267.08026858037647,49.346616437383595,1.2,1.0790697343471904,1.1627045171374184
14.0,normal,-2.162035153409993,3.1799999999999997,1.2,0.4140297847723062,0.9402357195626241,1.1552944595206915,267.59859608978917,49.553677684001535,1.2,1.2290795536410917,1.1552944595206915
14.05,normal,-2.141035153409993,3.1799999999999997,1.2,0.3995108140463034,0.960088298549969,1.1554461696567657,268.18293826649233,49.756014682580236,1.2,1.2854698238125952,1.1554461696567657
14.100000000000001,normal,-2.1200351534099924,3.1799999999999997,1.2,0.38664101795483663,0.9803708305245928,1.1618341341119265,268.7325678740591,49.953402076874234,1.2,1.2478799661572826,1.1618341341119265
14.15,normal,-2.099035153409993,3.1799999999999997,1.2,0.37551420141041447,1.0010161725045117,1.1726892976137409,269.1712987450274,50.14622882416029,1.2,1.12201606392806,1.1726892976137409
14.200000000000001,normal,-2.078035153409992,3.1799999999999997,1.2,0.3663661109146311,1.0218527028521456,1.1863183984198693,269.5095427067499,50.335104250667605,1.2,0.9987429584689016,1.1863183984198693
14.25,normal,-2.0570351534099935,3.1799999999999997,1.2,0.3595644335513374,1.0427132566533983,1.2012399257687025,269.78437802253796,50.520752262583684,1.2,0.9178645328878678,1.2012399257687025
14.3,normal,-2.0360351534099927,3.1799999999999997,1.2,0.3552404968709714,1.0634363683815928,1.2162368754573358,270.03174357638983,50.70392137819606,1.2,0.8875400484809784,1.2162368754573358
14.350000000000001,normal,-2.015035153409993,3.1799999999999997,1.2,0.3529224450865648,1.083867419100611,1.2304155128107852,270.2685157925594,50.884907485849176,1.2,0.8796549448123916,1.2304155128107852
14.4,normal,-1.994035153409993,3.1799999999999997,1.2,0.3520532282394937,1.1037799655554974,1.2373752788064636,270.5366085549746,51.06319311026038,1.2,0.9804073426628731,1.2373752788064636
14.450000000000001,normal,-1.9730351534099928,3.1799999999999997,1.2,0.352304825983874,1.1229274916675893,1.2241794807416746,270.8523837205042,51.238200263032994,1.2,1.0914807563404612,1.2241794807416746
14.5,normal,-1.952035153409993,3.1799999999999997,1.2,0.35353161620750806,1.1411225056981953,1.217025375388623,271.20970854066377,51.40964426340685,1.2,1.1696987384048847,1.217025375388623
14.55,normal,-1.9310351534099928,3.1799999999999997,1.2,0.3555062695235781,1.1582460751254675,1.216026800916047,271.58435189597634,51.57794882424444,1.2,1.196003038577619,1.216026800916047
14.600000000000001,normal,-1.910035153409992,3.1799999999999997,1.2,0.3577993245482123,1.1742400990992243,1.2206283333781058,271.9431292999142,51.743968497098294,1.2,1.1637365818945908,1.2206283333781058
14.65,normal,-1.8890351534099932,3.1799999999999997,1.2,0.35992469866888527,1.1890834804286343,1.2297377861918937,272.2539994483328,51.90832457699124,1.2,1.0750224124175074,1.2297377861918937
14.700000000000001,normal,-1.8680351534099924,3.1799999999999997,1.2,0.3615449505783742,1.2027637522181287,1.241576019949591,272.51159803169435,52.07075105623525,1.2,0.9849117777862398,1.241576019949591
14.75,normal,-1.8470351534099936,3.1799999999999997,1.2,0.36242786471969124,1.214919437111494,1.2266471105866537,272.74814395332464,52.23067811843805,1.2,0.933080713561405,1.2266471105866537
14.8,normal,-1.8260351534099926,3.1799999999999997,1.2,0.3624397870987424,1.2250713956163146,1.213279306417669,272.9958782392968,52.38806813089275,1.2,0.8920111225412489,1.213279306417669
14.850000000000001,normal,-1.8050351534099927,3.1799999999999997,1.2,0.36151795420796723,1.2327149151130572,1.2048773425872525,273.2633903332812,52.544287103158226,1.2,0.8479768203802249,1.2048773425872525
14.9,normal,-1.7840351534099925,3.1799999999999997,1.2,0.35966013482142334,1.2374219761063228,1.2018507881087732,273.5293664943783,52.7012090540341,1.2,0.8336493802255509,1.2018507881087732
14.950000000000001,normal,-1.763035153409993,3.1799999999999997,1.2,0.35695420934012934,1.2389563866439355,1.2039371494310251,273.7768142241737,52.860114532445806,1.2,0.8105777334408286,1.2039371494310251
15.0,normal,-1.742035153409993,3.1799999999999997,1.2,0.3534852544969453,1.2373307682857229,1.210282682018728,273.9925819542901,53.0214947040083,1.2,0.7731539948067605,1.210282682018728
15.05,normal,-1.721035153409993,3.1799999999999997,1.2,0.3493355787195119,1.2328082688661721,1.2053383293282354,274.1754551580817,53.185283592265534,1.2,0.7251178591923563,1.2053383293282354
15.100000000000001,normal,-1.700035153409992,3.1799999999999997,1.2,0.34461323058326937,1.2258420627454607,1.2007972452847762,274.33392174236326,53.35106158553468,1.2,0.6674242358912872,1.2007972452847762
15.15,normal,-1.6790351534099932,3.1799999999999997,1.2,0.3394543233993734,1.2169828554103903,1.1991421313846482,274.4803658075328,53.518465251477195,1.2,0.6245938257171432,1.1991421313846482
15.200000000000001,normal,-1.6580351534099924,3.1799999999999997,1.2,0.33398304258326955,1.206790950254309,1.20024083052908,274.62323728680406,53.68739959518225,1.2,0.6186815949744997,1.20024083052908
15.25,normal,-1.6370351534099932,3.1799999999999997,1.2,0.3282775784282064,1.1957742556310762,1.1985675320663172,274.76548625317656,53.85791725824168,1.2,0.6204944045085474,1.1985675320663172
15.3,normal,-1.6160351534099928,3.1799999999999997,1.2,0.32239303776564066,1.1843554014524516,1.1967722179673914,274.8957051910503,54.02996266554236,1.2,0.60352242067579,1.1967722179673914
15.350000000000001,normal,-1.5950351534099927,3.1799999999999997,1.2,0.3164163196807011,1.1728610587516797,1.1978199783501398,275.0131931247983,54.20331446051465,1.2,0.5772208070226708,1.1978199783501398
15.4,normal,-1.5740351534099928,3.1799999999999997,1.2,0.3104410847315428,1.1615220271643563,1.201497009723101,275.1191271681378,54.37762740370721,1.2,0.5640691379762977,1.201497009723101
15.450000000000001,normal,-1.5530351534099927,3.1799999999999997,1.2,0.3045567676004125,1.1504803183291337,1.2073269590116165,275.21513333023074,54.55249604249066,1.2,0.5528858223519599,1.2073269590116165
15.5,normal,-1.5320351534099927,3.1799999999999997,1.2,0.29883410704827273,1.1398046667652124,1.2146547473853113,275.30385681520903,54.72748777486946,1.2,0.5353977498225322,1.2146547473853113
15.55,normal,-1.5110351534099926,3.1799999999999997,1.2,0.2933122785331298,1.1295054512451026,1.2227461116843485,275.38867079328077,54.90218240991116,1.2,0.5262051717719816,1.2227461116843485
15.600000000000001,normal,-1.4900351534099923,3.1799999999999997,1.2,0.28798546889037546,1.1195486847821448,1.2308778945053278,275.472832342724,55.076232126678676,1.2,0.5242607238215893,1.2308778945053278
15.65,normal,-1.469035153409993,3.1799999999999997,1.2,0.28278911164964826,1.109867870168434,1.22700862780942,275.5707203744096,55.24909685392221,1.2,0.5736825352249673,1.22700862780942
15.700000000000001,normal,-1.4480351534099922,3.1799999999999997,1.2,0.27759290753791743,1.1003732740108985,1.2068546618137304,275.7150728529664,55.420270439120785,1.2,0.6901010087655839,1.2068546618137304
15.75,normal,-1.4270351534099934,3.1799999999999997,1.2,0.2721684656328308,1.090958708301025,1.1923033987696987,275.929675290349,55.589473798598995,1.2,0.8211879752643604,1.1923033987696987
15.8,normal,-1.4060351534099924,3.1799999999999997,1.2,0.26622452495683685,1.0815069935014732,1.1846255766262745,276.2057125496509,55.75671629529614,1.2,0.9128505590050764,1.1846255766262745
15.850000000000001,normal,-1.3850351534099925,3.1799999999999997,1.2,0.2595139766032723,1.071896534669517,1.1842048083459207,276.50089872456425,55.92232244512908,1.2,0.9457053983546878,1.1842048083459207
15.9,normal,-1.3640351534099924,3.1799999999999997,1.2,0.2518911019411706,1.0620140526028123,1.1904249926831767,276.759490485073,56.08652770797901,1.2,0.9105346639710991,1.1904249926831767
15.950000000000001,normal,-1.343035153409993,3.1799999999999997,1.2,0.24338029538441247,1.0517620654738036,1.2018615051514623,276.9478627519311,56.24939093714008,1.2,0.817452406899716,1.2018615051514623
16.0,normal,-1.3220351534099928,3.1799999999999997,1.2,0.23417253573277938,1.0410908380404673,1.2166621055483666,277.070018270068,56.410754722392035,1.2,0.6919557553081843,1.2166621055483666
16.05,normal,-1.3010351534099927,3.1799999999999997,1.2,0.22460620272931955,1.0300125252531098,1.2159860255176964,277.1529825818222,56.57034203855,1.2,0.5637053978903352,1.2159860255176964
16.1,normal,-1.2800351534099919,3.1799999999999997,1.2,0.21515798596984256,1.0186072444559868,1.2162250536763641,277.22419689746573,56.727839841812866,1.2,0.4771619026196666,1.2162250536763641
16.150000000000002,normal,-1.2590351534099924,3.1799999999999997,1.2,0.2064500853519932,1.007002856777207,1.2134005587850105,277.30016853977565,56.88298996118594,1.2,0.5169099455864878,1.2134005587850105
16.2,normal,-1.2380351534099931,3.1799999999999997,1.2,0.19907502644560574,0.9953625405014164,1.2126633001825624,277.38067570621365,57.035402839559794,1.2,0.5338911917201478,1.2126633001825624
16.25,normal,-1.2170351534099924,3.1799999999999997,1.2,0.19317047563776377,0.9838654173695394,1.2139539006480289,277.4633537942156,57.18476365295592,1.2,0.5290392049690391,1.2139539006480289
16.3,normal,-1.1960351534099927,3.1799999999999997,1.2,0.18856118569978886,0.9726842829250175,1.217028602715913,277.5402537535598,57.330961977466124,1.2,0.5084788578506414,1.217028602715913
16.35,normal,-1.1750351534099925,3.1799999999999997,1.2,0.1857090853015186,0.9619685840276622,1.2215050492152646,277.6079064136202,57.473957370890396,1.2,0.4862263989329462,1.2215050492152646
16.400000000000002,normal,-1.1540351534099917,3.1799999999999997,1.2,0.18528921572501938,0.9518354480139486,1.226920273968207,277.66770088334107,57.61368737507648,1.2,0.465401383141824,1.226920273968207
16.45,normal,-1.1330351534099925,3.1799999999999997,1.2,0.18614944657298033,0.9423686779475502,1.2318751850659562,277.72161077064555,57.75007611697413,1.2,0.44469817070477335,1.2318751850659562
16.5,normal,-1.1120351534099928,3.1799999999999997,1.2,0.1872690714319279,0.933623580506258,1.2355397306046507,277.77159188367807,57.88304489903342,1.2,0.4229232355713811,1.2355397306046507
16.55,normal,-1.091035153409993,3.1799999999999997,1.2,0.1882795028537941,0.9256346390462795,1.239194896062452,277.8191918582811,58.012522879036226,1.2,0.40129964069574936,1.239194896062452
16.6,normal,-1.0700351534099921,3.1799999999999997,1.2,0.1890184473318993,0.9184233071335737,1.2425691388665447,277.8654003493743,58.13845643915586,1.2,0.38711516553337394,1.2425691388665447
16.650000000000002,normal,-1.049035153409992,3.1799999999999997,1.2,0.1893901148451101,0.9120041333546687,1.243339740916084,277.91065013404796,58.26081637371362,1.2,0.3857888046525006,1.243339740916084
16.7,normal,-1.0280351534099932,3.1799999999999997,1.2,0.1893307584939515,0.9063885096226887,1.2421764364994405,277.954881458119,58.37960229194268,1.2,0.3870202707431895,1.2421764364994405
16.75,normal,-1.0070351534099924,3.1799999999999997,1.2,0.1888004805990795,0.9015861686075879,1.24070297755768,277.99763548839803,58.494843790979736,1.2,0.3837266184177713,1.24070297755768
16.8,normal,-0.9860351534099924,3.1799999999999997,1.2,0.18778240960822307,0.8976049826836412,1.239119252497621,278.0381807949576,58.60659827712905,1.2,0.3735362229971412,1.239119252497621
16.85,normal,-0.9650351534099927,3.1799999999999997,1.2,0.18628365179866793,0.894449687420219,1.2376064551711663,278.07468779711314,58.71497009585841,1.2,0.3522211731328367,1.2376064551711663
16.900000000000002,normal,-0.9440351534099919,3.1799999999999997,1.2,0.18434548019884092,0.8921200621307988,1.2363068679495588,278.1049114019983,58.82012219330429,1.2,0.3174112204987681,1.2363068679495588
16.95,normal,-0.9230351534099926,3.1799999999999997,1.2,0.1820515075592551,0.8906033560936273,1.2353095571921606,278.1308568775657,58.92205777189985,1.2,0.2900826810204345,1.2353095571921606
17.0,normal,-0.9020351534099931,3.1799999999999997,1.2,0.17949368874407529,0.8898668110007861,1.2346691894507489,278.15375670943354,59.020780600811875,1.2,0.2786974317689851,1.2346691894507489
17.05,normal,-0.8810351534099922,3.1799999999999997,1.2,0.17677343833204423,0.889880944751638,1.2344044205122613,278.1746256335779,59.11634285811523,1.2,0.27541120024270016,1.2344044205122613
17.1,normal,-0.8600351534099921,3.1799999999999997,1.2,0.17399753663474732,0.8906186868133301,1.2344929093298724,278.19438140583065,59.2088511512317,1.2,0.27499907653737715,1.2344929093298724
17.150000000000002,normal,-0.8390351534099921,3.1799999999999997,1.2,0.1712719334692203,0.8920458477757518,1.2348075324141212,278.21376827039563,59.29845461373549,1.2,0.27583103339262854,1.2348075324141212
17.2,normal,-0.8180351534099933,3.1799999999999997,1.2,0.16869502757327787,0.894099001726951,1.2324707740247896,278.23334563791184,59.385367118417136,1.2,0.2771347348661476,1.2324707740247896
17.25,normal,-0.7970351534099925,3.1799999999999997,1.2,0.1663537305761837,0.8967034923776382,1.2306317086842127,278.2534390290965,59.4698640314737,1.2,0.2782938014414545,1.2306317086842127
17.3,normal,-0.7760351534099924,3.1799999999999997,1.2,0.16431928383150918,0.899776543267166,1.229391061187242,278.27408848210837,59.55226952417399,1.2,0.27843377174647277,1.229391061187242
17.35,normal,-0.7550351534099924,3.1799999999999997,1.2,0.16264465053058008,0.9032317038857156,1.228789942658457,278.29502207780797,59.63293525448837,1.2,0.27639922168458625,1.228789942658457
17.400000000000002,normal,-0.734035153409992,3.1799999999999997,1.2,0.16136472136579466,0.9069842271843198,1.228775461373769,278.31571291170894,59.71221624207818,1.2,0.2713840831307877,1.228775461373769
17.45,normal,-0.7130351534099928,3.1799999999999997,1.2,0.16050123245976733,0.910956746891483,1.2293762721953212,278.33554342382166,59.7904525454134,1.2,0.2634406013872651,1.2293762721953212
17.5,normal,-0.6920351534099928,3.1799999999999997,1.2,0.16007526542376102,0.9150844976803152,1.2303735308961956,278.35402775262787,59.86796129202837,1.2,0.2533618979711972,1.2303735308961956
17.55,normal,-0.6710351534099919,3.1799999999999997,1.2,0.16013009833754194,0.919319340361398,1.2316548125118212,278.3709923667934,59.94503671861633,1.2,0.24234162335014992,1.2316548125118212
17.6,normal,-0.6500351534099923,3.1799999999999997,1.2,0.1607529281918728,0.9236320257991959,1.2330600386735262,278.38663016938796,60.02195288748003,1.2,0.23164101360918923,1.2330600386735262
17.650000000000002,normal,-0.6290351534099923,3.1799999999999997,1.2,0.162024858476163,0.9280124202600162,1.2344311598352036,278.4014097120918,60.09896557582157,1.2,0.2220344949427216,1.2344311598352036
17.7,normal,-0.6080351534099935,3.1799999999999997,1.2,0.16385878742457752,0.9324677514198549,1.2353738742023295,278.41588990245685,60.17631291336232,1.2,0.21338919525168226,1.2353738742023295
17.75,normal,-0.5870351534099926,3.1799999999999997,1.2,0.16599785031792205,0.9370192366526955,1.2349453793247507,278.43052267863266,60.254215656432905,1.2,0.20512778986526978,1.2349453793247507
17.8,normal,-0.5660351534099926,3.1799999999999997,1.2,0.16820926784307788,0.9416976589354926,1.234677611278924,278.44551552544533,60.33287741887724,1.2,0.1972791663632727,1.234677611278924
17.85,normal,-0.5450351534099925,3.1799999999999997,1.2,0.1703551362412061,0.9465385327015094,1.2346150381874927,278.46079002794033,60.41248440018716,1.2,0.19132421067490143,1.2346150381874927
17.900000000000002,normal,-0.5240351534099917,3.1799999999999997,1.2,0.1723622377089962,0.9515774623481219,1.234777291524577,278.4760335894391,60.4932042418305,1.2,0.18880970820798434,1.234777291524577
17.95,normal,-0.5030351534099929,3.1799999999999997,1.2,0.174190975841231,0.9568461748704733,1.2351577220871155,278.4908132213233,60.57518434306025,1.2,0.18762160826339871,1.2351577220871155
18.0,normal,-0.48203515340999287,3.1799999999999997,1.2,0.17581929672550212,0.962369547212309,1.2353269256694155,278.50470822952616,60.65855052935541,1.2,0.18477670402093457,1.2353269256694155
18.05,normal,-0.461035153409992,3.1799999999999997,1.2,0.17723522462669686,0.9681637838364123,1.2341775687317402,278.5174216518524,60.7434069689357,1.2,0.1799178356487878,1.2341775687317402
18.1,normal,-0.4400351534099924,3.1799999999999997,1.2,0.17843313605424974,0.9742357540178341,1.2329271915018032,278.52884379311206,60.82983773806839,1.2,0.17393098195044251,1.2329271915018032
18.150000000000002,normal,-0.41903515340999237,3.1799999999999997,1.2,0.17941157015245895,0.9739896101553125,1.2316820260983155,278.5390589849079,60.91790977604535,1.2,0.16803154481217195,1.2316820260983155
18.2,normal,-0.3980351534099931,3.1799999999999997,1.2,0.18017175829408125,0.9675165789566673,1.2305397799344129,278.54830295224997,61.00767647776135,1.2,0.16327977647232345,1.2305397799344129
18.25,normal,-0.37703515340999233,3.1799999999999997,1.2,0.1807166220934672,0.9612362465581099,1.229580977332432,278.5568890215927,61.099181014056406,1.2,0.16025392149237233,1.229580977332432
18.3,normal,-0.3560351534099927,3.1799999999999997,1.2,0.1810501775354402,0.955142147554247,1.2288626737852026,278.5651256051427,61.19245863272881,1.2,0.15890835821539243,1.2288626737852026
18.35,normal,-0.33503515340999185,3.1799999999999997,1.2,0.1811773210102355,0.9492235869210726,1.228420747264173,278.92682331784283,61.290368073240074,1.2,0.6853991163551606,1.228420747264173
18.400000000000002,normal,-0.31403515340999183,3.1799999999999997,1.2,0.18014573404936335,0.9488791975204895,1.2282678702916263,279.2303641895889,61.394187318123855,1.2,0.6465775178621752,1.2282678702916263
18.45,normal,-0.29303515340999303,3.1799999999999997,1.2,0.17814913549656022,0.9537909862607596,1.2283868820917612,279.2553036493174,61.499129924477934,1.2,0.2856920514325453,1.2283868820917612
18.5,normal,-0.27203515340999296,3.1799999999999997,1.2,0.17628560463572804,0.9581334694018155,1.2256273492910301,279.29015708736875,61.60517845682415,1.2,0.3231470652097314,1.2256273492910301
18.55,normal,-0.25103515340999216,3.1799999999999997,1.2,0.1746156508064685,0.9617410829620086,1.2223281318875874,279.3319347378655,61.712352682786275,1.2,0.3403763276748696,1.2223281318875874
18.6,normal,-0.23003515340999214,3.1799999999999997,1.2,0.17321203001244617,0.9644768481383339,1.2219242640865766,279.3746629780428,61.82070098447642,1.2,0.33411981060928386,1.2219242640865766
18.650000000000002,normal,-0.2090351534099925,3.1799999999999997,1.2,0.17215251331436116,0.9662461978509786,1.224168394208338,279.41219493820677,61.930282806008535,1.2,0.3069289622134125,1.224168394208338
18.7,normal,-0.18803515340999327,3.1799999999999997,1.2,0.17146526669987527,0.9670035470270237,1.2285703827941092,279.44099873688396,62.04114860066052,1.2,0.26648437009910003,1.2285703827941092
18.75,normal,-0.16703515340999245,3.1799999999999997,1.2,0.1710905356775254,0.9667510756685109,1.2288790921038455,279.4611999432306,62.15332180837328,1.2,0.22971827426470393,1.2288790921038455
18.8,normal,-0.14603515340999282,3.1799999999999997,1.2,0.17093364306860956,0.9655323177114836,1.2273916349367588,279.4755674244404,62.2667865301478,1.2,0.19794899395920265,1.2273916349367588
18.85,normal,-0.125035153409992,3.1799999999999997,1.2,0.17092049832895923,0.9634240957469256,1.2267961901892201,279.48754075207813,62.38148386540528,1.2,0.17652249236075526,1.2267961901892201
18.900000000000002,normal,-0.10403515340999196,3.1799999999999997,1.2,0.17099719179548362,0.9605291092793093,1.227216851799869,279.4996454614724,62.497316651361615,1.2,0.17339459490848536,1.227216851799869
18.95,normal,-0.08303515340999273,3.1799999999999997,1.2,0.17111417756802966,0.9569695217634226,1.2286510155717838,279.5129341707623,62.614158924746704,1.2,0.182180795384194,1.2286510155717838
19.0,normal,-0.0620351534099931,3.1799999999999997,1.2,0.17122070068791775,0.9528806346488801,1.2309660902288067,279.52715908168307,62.731851872911264,1.2,0.1960929780897007,1.2309660902288067
19.05,normal,-0.04103515340999307,3.1799999999999997,1.2,0.17126615300862089,0.9483964717911468,1.2320085925167938,279.883793030627,62.85350098417132,1.2,0.6676965804077962,1.2320085925167938
19.1,normal,-0.02003515340999225,3.1799999999999997,1.2,0.17235923384045612,0.9490523364810524,1.2319071021637544,280.1894899904225,62.97980799233991,1.2,0.637604403615664,1.2319071021637544
19.150000000000002,normal,0.0009648465900085057,3.1799999999999997,1.2,0.1745169749830481,0.9547305088813747,1.2318690622208879,280.20959902186445,63.1058095166636,1.2,0.24063118658356536,1.2318690622208879
19.200000000000003,normal,0.021964846590007525,3.1799999999999997,1.2,0.17646447862122744,0.9597696385619066,1.2319104679369557,280.23563961013747,63.2313618460505,1.2,0.24613046781916054,1.2319104679369557
19.25,normal,0.042964846590006545,3.1799999999999993,1.2,0.1781419271229879,0.9640913229831962,1.2320302536478154,280.2688520195476,63.35634824678787,1.2,0.2714639797900256,1.2320302536478154
19.3,normal,0.06396484659000734,3.1799999999999997,1.2,0.17952563460071,0.9676010017936767,1.230644535632748,280.30685161073245,63.48068953985039,1.2,0.2957022350057632,1.230644535632748
19.35,normal,0.08496484659000814,3.1799999999999997,1.2,0.18061742379234993,0.9702111958295465,1.2303025265191203,280.34483930081115,63.604344380001024,1.2,0.29750094938233174,1.2303025265191203
19.400000000000002,normal,0.10596484659000893,3.1799999999999997,1.2,0.18143605313974934,0.9718614885788508,1.2321258397698935,280.3778573226964,63.727301083466486,1.2,0.2773212655474858,1.2321258397698935
19.450000000000003,normal,0.12696484659000795,3.1799999999999997,1.2,0.18200851149144573,0.9725303914603143,1.232912303423939,280.4030070127809,63.84956512769203,1.2,0.23991153830907627,1.232912303423939
19.5,normal,0.14796484659000697,3.1799999999999997,1.2,0.1823626162197137,0.9722376952135434,1.2331085466687433,280.42050603389555,63.97114655340244,1.2,0.19677569774178877,1.2331085466687433
19.55,normal,0.16896484659000777,3.1799999999999997,1.2,0.1825220174691624,0.9710392990175187,1.2332525145650912,280.4331828035914,64.09205057730198,1.2,0.18041862944829293,1.2332525145650912
19.6,normal,0.18996484659000856,3.18,1.2,0.18250353137520797,0.9690183132139467,1.2311901841494306,280.44488905552834,64.21227348463593,1.2,0.1881757070871393,1.2311901841494306
19.650000000000002,normal,0.21096484659000758,3.1799999999999993,1.2,0.18231633150725085,0.966275992904714,1.2276076988053657,280.45873810214744,64.33180366611236,1.2,0.21022911209488043,1.2276076988053657
19.700000000000003,normal,0.23196484659000838,3.1799999999999997,1.2,0.18196279698512538,0.9629244572147244,1.2252196359523504,280.4759552004614,64.45062508432657,1.2,0.23478986947186006,1.2252196359523504
19.75,normal,0.2529648465900074,3.1799999999999997,1.2,0.18144091017949138,0.9590813069211193,1.2242095203339511,280.49571210201145,64.56871974057229,1.2,0.25186229294309675,1.2242095203339511
19.8,normal,0.2739648465900082,3.1799999999999997,1.2,0.18074771519001737,0.9548650629932196,1.2245878783454014,280.51579460404287,64.6860614861367,1.2,0.25597139632122834,1.2245878783454014
19.85,normal,0.2949648465900072,3.1799999999999997,1.2,0.17988178813181768,0.9503855485450521,1.2262065552110795,280.5338498016332,64.80261662791031,1.2,0.24632001768426764,1.2262065552110795
19.900000000000002,normal,0.315964846590008,3.1799999999999997,1.2,0.17884600992629104,0.945739559476112,1.2318608864817076,280.9106671990488,64.92189832734,1.2,0.6993123152482171,1.2318608864817076
19.950000000000003,normal,0.3369648465900088,3.1799999999999997,1.2,0.17885471816577184,0.9465233359542014,1.2329170897130561,281.2017220714553,65.04457474993924,1.2,0.613662769329168,1.2329170897130561
20.0,normal,0.3579648465900078,3.1799999999999997,1.2,0.17992789840418855,0.9524795206641841,1.2314838769921619,281.2309555374412,65.16565966895791,1.2,0.2500125905064978,1.2314838769921619
20.05,normal,0.37896484659000684,3.18,1.2,0.18077238199594156,0.9576967179359652,1.2223125066996539,281.2815377558125,65.28506129131591,1.2,0.343880299781981,1.2223125066996539
20.1,normal,0.39996484659000764,3.1799999999999997,1.2,0.18133174342072622,0.9619038703877858,1.2167754439592857,281.352548266765,65.4027763094054,1.2,0.40825809832937743,1.2167754439592857
20.150000000000002,normal,0.42096484659000843,3.1799999999999997,1.2,0.18157195277047053,0.9648674283685206,1.2152247049509513,281.4324442745078,65.51887280241445,1.2,0.42920847185826905,1.2152247049509513
20.200000000000003,normal,0.44196484659000923,3.1799999999999997,1.2,0.18148654480174162,0.9664508622036649,1.2175250372604671,281.5054210445437,65.63349978798482,1.2,0.40711597396149735,1.2175250372604671
20.25,normal,0.46296484659000653,3.1799999999999997,1.2,0.18108613730764828,0.9666494264191625,1.2230997152618033,281.5588765129852,65.74678235065547,1.2,0.34406512168383385,1.2230997152618033
20.3,normal,0.4839648465900072,3.1799999999999997,1.2,0.1804006652329868,0.9655907742573966,1.2310542031216358,281.5896818814875,65.85879120701998,1.2,0.2566443371504353,1.2310542031216358
20.35,normal,0.5049648465900081,3.1799999999999997,1.2,0.179470989595621,0.9635067459038884,1.235224681005381,281.6037966095056,65.96952599245762,1.2,0.18411966043449385,1.235224681005381
20.400000000000002,normal,0.5259648465900089,3.1799999999999997,1.2,0.1783429117148452,0.9606912083084984,1.2312180744563002,281.61163826447523,66.07893448686688,1.2,0.1652919286284647,1.2312180744563002
20.450000000000003,normal,0.5469648465900079,3.1799999999999997,1.2,0.17706161929870923,0.9574587647336947,1.226009652842038,281.62268680801344,66.18695326863593,1.2,0.19100190152662852,1.226009652842038
20.5,normal,0.5679648465900069,3.1799999999999997,1.2,0.17566764988958283,0.9541127038068931,1.2223131702001004,281.6419562727813,66.29354486454878,1.2,0.2431423833067663,1.2223131702001004
20.55,normal,0.5889648465900077,3.1799999999999997,1.2,0.17419566117264984,0.9509236771748566,1.2204078649751304,281.66813141326634,66.39865990224504,1.2,0.27700387666929477,1.2204078649751304
20.6,normal,0.6099648465900085,3.1799999999999997,1.2,0.17265922748406376,0.9480468676988474,1.2244835043073519,282.1164255143508,66.50631121645333,1.2,0.7790342467120432,1.2244835043073519
20.650000000000002,normal,0.6309648465900075,3.1799999999999997,1.2,0.17235758448582789,0.951018375199113,1.2294412150710863,282.1317918689518,66.6124820553814,1.2,0.2026311174092347,1.2294412150710863
20.700000000000003,normal,0.6519648465900083,3.1799999999999997,1.2,0.17194263527043704,0.9542121992427295,1.2344624967872337,282.14080371630826,66.71725736708493,1.2,0.150545734544974,1.2344624967872337
20.75,normal,0.6729648465900073,3.1799999999999993,1.2,0.17140671957807713,0.9576027679366639,1.234235600147687,282.147204334893,66.82065059194794,1.2,0.12966883189852735,1.234235600147687
20.8,normal,0.6939648465900081,3.1799999999999997,1.2,0.170713878219728,0.9610494374835836,1.2340908766634744,282.1546696661067,66.9226879944822,1.2,0.14247909878212603,1.2340908766634744
20.85,normal,0.7149648465900071,3.1799999999999997,1.2,0.1698299277381355,0.9643946642204939,1.2340426615229465,282.1652939390088,67.02341602211159,1.2,0.15545743651246535,1.2340426615229465
20.900000000000002,normal,0.7359648465900079,3.1799999999999997,1.2,0.16873254358947856,0.9674882302119499,1.2340898731387298,282.17913357840763,67.12290440620497,1.2,0.16397192675519504,1.2340898731387298
20.950000000000003,normal,0.7569648465900087,3.1799999999999997,1.2,0.16741791813184506,0.9702111372402076,1.234217210286528,282.1945370587728,67.22124364337081,1.2,0.17714619423699024,1.234217210286528
21.0,normal,0.7779648465900078,3.1799999999999997,1.2,0.165903418774782,0.9724949151437126,1.2343977408000244,282.2090604643578,67.31853740135669,1.2,0.174273209692375,1.2343977408000244
21.05,normal,0.7989648465900068,3.1799999999999997,1.2,0.16422705859997738,0.9743328898530967,1.2345964780531091,282.22057499782943,67.41489263702985,1.2,0.15538285292060755,1.2345964780531091
21.1,normal,0.8199648465900076,3.1799999999999997,1.2,0.1624449002100729,0.9757817485198494,1.2347745955068223,282.2281071794798,67.5104114419792,1.2,0.12653799958032272,1.2347745955068223
21.150000000000002,normal,0.8409648465900084,3.1799999999999993,1.2,0.1606272059548908,0.9769539438549866,1.2348939833561177,282.2320963865448,67.60518791174866,1.2,0.09839705952022186,1.2348939833561177
21.200000000000003,normal,0.8619648465900092,3.1799999999999997,1.2,0.15885355541674392,0.9780032794057065,1.2349218638659583,282.2340417395304,67.6993108227966,1.2,0.07708647588900742,1.2349218638659583
21.25,normal,0.8829648465900064,3.1799999999999997,1.2,0.15720645127006813,0.979106845701391,1.2328516593227858,282.23577396737295,67.79286987956804,1.2,0.07229413250464681,1.2328516593227858
21.3,normal,0.9039648465900072,3.18,1.2,0.15576247917606467,0.980446314298618,1.2301640435649617,282.23870371852377,67.88596154798465,1.2,0.09820654153280117,1.2301640435649617
21.35,normal,0.924964846590008,3.1799999999999997,1.2,0.15458077755458433,0.982190853195622,1.228337200816716,282.2433512057177,67.97869108917301,1.2,0.12356255750677177,1.228337200816716
21.400000000000002,normal,0.9459648465900088,3.1799999999999997,1.2,0.1536913343316691,0.9844830928825763,1.2275009674538555,282.2493062423762,68.07116979868928,1.2,0.13788028032401067,1.2275009674538555
21.450000000000003,normal,0.9669648465900079,3.1799999999999997,1.2,0.15308894653019434,0.9874289400333935,1.227668994735377,282.25557296703164,68.16350894585855,1.2,0.14078950375887667,1.227668994735377
21.5,normal,0.9879648465900069,3.1799999999999997,1.2,0.15273770545581536,0.9910916418665094,1.2287464686820586,282.2610964147705,68.25581309224835,1.2,0.133002122416542,1.2287464686820586
21.55,normal,1.0089648465900076,3.1799999999999997,1.2,0.15258416678646564,0.9954902342285603,1.2305504655207495,282.26521748362774,68.34817513823536,1.2,0.11631573995620019,1.2305504655207495
21.6,normal,1.0299648465900084,3.1799999999999997,1.2,0.1525720009066632,0.9984775811277125,1.2320189161291277,282.26787768526236,68.44067428271369,1.2,0.09383958854971758,1.2320189161291277
21.650000000000002,normal,1.0509648465900074,3.1799999999999997,1.2,0.15265264285004335,0.9882808953694628,1.2317526244388495,282.2695409397635,68.53337686617196,1.2,0.07050815756842299,1.2317526244388495
21.700000000000003,normal,1.0719648465900082,3.18,1.2,0.15279222954508126,0.9784958584973726,1.231631438929872,282.27092736692117,68.62633924260217,1.2,0.06100211545839983,1.231631438929872
21.75,normal,1.0929648465900081,3.1799999999999997,1.2,0.1529838745894118,0.9691648426145081,1.2316625696431451,282.2727055448657,68.7196114918095,1.2,0.07537630408845084,1.2316625696431451
21.8,normal,1.113964846590009,3.1799999999999997,1.2,0.15333468698160302,0.9603170757601545,1.2318352615326371,282.27526623413615,68.81324086372638,1.2,0.09331854550237483,1.2318352615326371
21.85,normal,1.1349648465900062,3.1799999999999997,1.2,0.1545269157944098,0.9519682396438067,1.2321223792978582,282.2786390138922,68.90727420511216,1.2,0.1078609419775188,1.2321223792978582
21.900000000000002,normal,1.155964846590007,3.1799999999999997,1.2,0.15640393179016204,0.944122154118199,1.2324839337168492,282.2825499857365,69.00175910303922,1.2,0.11654377855634288,1.2324839337168492
21.950000000000003,normal,1.1769648465900078,3.1799999999999997,1.2,0.1582617977760911,0.9367737562176133,1.2328719626621014,282.28657324928116,69.09674392487628,1.2,0.11885194175776462,1.2328719626621014
22.0,normal,1.1979648465900086,3.1799999999999997,1.2,0.1599823620052439,0.9299125246525501,1.2332360968688534,282.29030764695835,69.19227719568248,1.2,0.11543828909666018,1.2332360968688534
22.05,normal,1.2189648465900058,3.1799999999999997,1.2,0.1615455792713933,0.9235256671565402,1.2335291579956094,282.29351362075914,69.28840676089403,1.2,0.10790922415279054,1.2335291579956094
22.1,normal,1.2399648465900066,3.1799999999999997,1.2,0.16295243184621336,0.917600670003047,1.2337122190958467,282.29616878122175,69.38517898160434,1.2,0.09885392509341975,1.2337122190958467
22.150000000000002,normal,1.2609648465900074,3.1799999999999997,1.2,0.16421193271614962,0.912127089531469,1.2337586697708744,282.29843543333556,69.48263794632945,1.2,0.09172103582841788,1.2337586697708744
22.200000000000003,normal,1.2819648465900082,3.1799999999999997,1.2,0.165336228759915,0.9070976573889769,1.2336569452282722,282.3005658076763,69.58082451928408,1.2,0.08887577692135132,1.2336569452282722
22.25,normal,1.3029648465900054,3.1799999999999997,1.2,0.166337846630292,0.9025088406493862,1.233411691867331,282.3027896525194,69.67977506657138,1.2,0.0892951649641717,1.233411691867331
22.3,normal,1.3239648465900062,3.18,1.2,0.16722807786348612,0.8983609664256587,1.2330432585170084,282.30522883985026,69.77951987314108,1.2,0.09063273793354497,1.2330432585170084
22.35,normal,1.344964846590007,3.1799999999999997,1.2,0.16801617315353914,0.8946579456093677,1.2325855354512116,282.3078669414439,69.88008146575135,1.2,0.09118997339462112,1.2325855354512116
22.400000000000002,normal,1.3659648465900078,3.1799999999999997,1.2,0.16870907961239415,0.8914065758105945,1.232082320652345,282.31057652302013,69.98147317270082,1.2,0.08998213593409832,1.232082320652345
22.450000000000003,normal,1.3869648465900086,3.1799999999999997,1.2,0.16931146705603223,0.8886154115037459,1.2315825662134163,282.31318400067016,70.08369822949454,1.2,0.08654747937675683,1.2315825662134163
22.5,normal,1.4079648465900059,3.1799999999999997,1.2,0.16982585022612257,0.8862932640986321,1.2311350199239852,282.3155404186068,70.18674960669424,1.2,0.08094621003125749,1.2311350199239852
22.55,normal,1.4289648465900067,3.1799999999999997,1.2,0.1702527128465717,0.8844475041550708,1.2307828889393215,282.31756982260674,70.29061056046696,1.2,0.07496244963092472,1.2307828889393215
22.6,normal,1.4499648465900075,3.1799999999999997,1.2,0.1705906374544785,0.8830824313610879,1.230559177995961,282.3192812625156,70.39525575791176,1.2,0.07301894211097944,1.230559177995961
22.650000000000002,normal,1.4709648465900083,3.1799999999999997,1.2,0.17083650817510154,0.8821980100278706,1.2304832760105664,282.3207475512857,70.50065275126973,1.2,0.07099616442943646,1.2304832760105664
22.700000000000003,normal,1.491964846590009,3.1799999999999997,1.2,0.17098586706541702,0.8817892189816807,1.2305591905605548,282.32206585382454,70.60676357306527,1.2,0.06864247164001998,1.2305591905605548
22.75,normal,1.5129648465900063,3.1799999999999997,1.2,0.1710334731131064,0.881846146716103,1.2307755928073003,282.32331837567074,70.71354627329919,1.2,0.06633049799609267,1.2307755928073003
22.8,normal,1.533964846590007,3.1799999999999997,1.2,0.17097405470778515,0.88235481095041,1.2311075833259093,282.32454705594984,70.82095628485192,1.2,0.06439508385027168,1.2311075833259093
22.85,normal,1.5549648465900079,3.1799999999999997,1.2,0.17080318460035676,0.8832985395117041,1.2315198696153986,282.32574804972666,70.92894755823797,1.2,0.06273267177253851,1.2315198696153986
22.900000000000002,normal,1.5759648465900087,3.1799999999999997,1.2,0.17051816155380967,0.8846596522209236,1.2319708938122969,282.32688376804913,71.03747344301745,1.2,0.06078819046988813,1.2319708938122969
22.950000000000003,normal,1.5969648465900095,3.1799999999999997,1.2,0.17011876773205653,0.8864211494856691,1.2324173797703217,282.327904834132,71.14648731461257,1.2,0.05808012987601008,1.2324173797703217
23.0,normal,1.6179648465900067,3.1799999999999997,1.2,0.16960778796433845,0.8885681414948712,1.2328187780554938,282.3287724948457,71.2559429598164,1.2,0.054322071106358796,1.2328187780554938
23.05,normal,1.6389648465900075,3.1799999999999997,1.2,0.16899121955460863,0.8910888258245799,1.233141157480843,282.32947359519494,71.3657947472558,1.2,0.04955948793753014,1.233141157480843
23.1,normal,1.6599648465900083,3.1799999999999997,1.2,0.1682781561807237,0.8939749166971973,1.2333601988487386,282.3300241219551,71.47599762215286,1.2,0.0445420962500892,1.2333601988487386
23.150000000000002,normal,1.680964846590009,3.1799999999999997,1.2,0.16748038179261787,0.8972215224292499,1.2334630687086852,282.3304619592447,71.58650697722129,1.2,0.040262325796475866,1.2334630687086852
23.200000000000003,normal,1.70196484659001,3.1799999999999997,1.2,0.16661174819713098,0.9008265420008372,1.2334490726667426,282.3308332071704,71.69727846147164,1.2,0.036677977511215244,1.2334490726667426
23.25,normal,1.7229648465900071,3.1799999999999997,1.2,0.16568742705581738,0.9047897000486005,1.2333291008519118,282.33117800777,71.80826779323039,1.2,0.03381023256218161,1.2333291008519118
23.3,normal,1.743964846590008,3.1799999999999997,1.2,0.16472312397687164,0.9091113632719063,1.2331239795639584,282.3315210038022,71.91943063968608,1.2,0.0323489545858224,1.2331239795639584
23.35,normal,1.7649648465900087,3.1799999999999997,1.2,0.16373432535092294,0.9137912863614934,1.2328619317625296,282.33186897160226,72.03072261083881,1.2,0.03187039025873417,1.2328619317625296
23.400000000000002,normal,1.7859648465900095,3.1799999999999997,1.2,0.16273562623726945,0.9188274287307163,1.2325754224932732,282.3322150688765,72.14209939187933,1.2,0.03291236349374394,1.2325754224932732
23.450000000000003,normal,1.8069648465900066,3.1799999999999997,1.2,0.16174016800559388,0.9242149687261927,1.232297718317917,282.3325468044672,72.25351700954448,1.2,0.03343650037112965,1.232297718317917
23.5,normal,1.8279648465900074,3.1799999999999997,1.2,0.16075920256600615,0.9299456206022017,1.232059514817272,282.3328540475893,72.36493220229352,1.2,0.03298009716207145,1.232059514817272
23.55,normal,1.8489648465900081,3.1799999999999997,1.2,0.15980179674282408,0.9360073303963645,1.2318859760388523,282.33313416270295,72.47630284835165,1.2,0.03174149295321797,1.2318859760388523
23.6,normal,1.8699648465900092,3.1799999999999997,1.2,0.15887469285521502,0.9423843892165624,1.2317944807719723,282.3333930552104,72.5875884033421,1.2,0.030100451883375158,1.2317944807719723
23.650000000000002,normal,1.8909648465900064,3.1799999999999997,1.2,0.15798234511313947,0.9490579577557354,1.2317932855624618,282.3336426729095,72.69875030865587,1.2,0.028764150646028674,1.2317932855624618
23.700000000000003,normal,1.9119648465900072,3.1799999999999997,1.2,0.15712715213164424,0.9560069483910532,1.2318812035369742,282.33389664766844,72.8097523468775,1.2,0.028922849525300408,1.2318812035369742
23.75,normal,1.932964846590008,3.1799999999999997,1.2,0.1563099045840361,0.9632091675462859,1.232048277290776,282.3341660242336,72.92056093442751,1.2,0.030405823360190497,1.232048277290776
23.8,normal,1.9539648465900088,3.1799999999999997,1.2,0.15553047561413597,0.9706425882742808,1.232277311484538,282.33445655038446,73.03114534948428,1.2,0.032102743460335106,1.232277311484538
23.85,normal,1.974964846590006,3.1799999999999997,1.2,0.154788837688913,0.9782866071168008,1.232546042590888,282.3347681490984,73.14147789480076,1.2,0.0335063052705876,1.232546042590888
23.900000000000002,normal,1.9959648465900068,3.1799999999999997,1.2,0.15408670581756218,0.9861231432177542,1.232829670091694,282.3350963294179,73.251533993271,1.2,0.03439991968484495,1.232829670091694
23.950000000000003,normal,2.0169648465900076,3.1799999999999997,1.2,0.15343085197673076,0.9868008132732577,1.2331034587627845,282.3354346883168,73.36129221311445,1.2,0.03476711998345129,1.2331034587627845
24.0,normal,2.0379648465900084,3.1799999999999997,1.2,0.15284146012363,0.977759171090715,1.2333451420841162,282.3357774434651,73.47073422210764,1.2,0.03475855248444666,1.2333451420841162
24.05,normal,2.0589648465900057,3.1799999999999997,1.2,0.15237056313622527,0.968941543268345,1.233536904122561,282.3361211143164,73.57984467672065,1.2,0.034662036622166895,1.233536904122561
24.1,normal,2.0799648465900065,3.1799999999999997,1.2,0.1520892171559785,0.9603442014517076,1.2336667812853228,282.33646491963526,73.68861106047528,1.2,0.03482420324807238,1.2336667812853228
24.150000000000002,normal,2.1009648465900073,3.1799999999999997,1.2,0.1519719743630003,0.9519634583592655,1.2337293963870397,282.3368099921164,73.79702349346613,1.2,0.03532915030382564,1.2337293963870397
24.200000000000003,normal,2.121964846590008,3.1799999999999997,1.2,0.15193133336795137,0.9437963398551528,1.2337301565655323,282.6897088603499,73.90757465030549,1.2,0.5595928865786445,1.2337301565655323
24.25,normal,2.142964846590009,3.1799999999999997,1.2,0.1509835944199077,0.9413605660160616,1.2336844764713686,282.990271922169,74.02148755127148,1.2,0.5194099478733645,1.2336844764713686
24.3,normal,2.163964846590006,3.1799999999999997,1.2,0.1495996771156655,0.944407595523691,1.224775043857794,283.22341507478467,74.13925489393762,1.2,0.4878372999660113,1.224775043857794
24.35,normal,2.184964846590007,3.1799999999999997,1.2,0.14901495160764905,0.9525340957658051,1.2143753189417836,283.2717569952033,74.25564489026159,1.2,0.2800157407351793,1.2143753189417836
24.400000000000002,normal,2.2059648465900077,3.1799999999999997,1.2,0.15018444977264517,0.9597863910014399,1.207941310197073,283.34025442018276,74.37075261391436,1.2,0.33897319487587063,1.207941310197073
24.450000000000003,normal,2.2269648465900085,3.1799999999999997,1.2,0.1523514037679591,0.9659472454405851,1.205787191310391,283.41893755572875,74.48472673782445,1.2,0.3674848916080061,1.205787191310391
24.5,normal,2.2479648465900057,3.1799999999999997,1.2,0.15494295758152765,0.9708575588886026,1.2077421429116522,283.4927203978586,74.59773396299533,1.2,0.36114735344725407,1.2077421429116522
24.55,normal,2.2689648465900065,3.1799999999999997,1.2,0.15771015238090194,0.9744354218406841,1.2131930319558313,283.54955238709937,74.70992454184574,1.2,0.3237768031547944,1.2131930319558313
24.6,normal,2.2899648465900073,3.1799999999999997,1.2,0.1605462549578981,0.9766787931046905,1.2212172505026055,283.58614999192434,74.82141196587295,1.2,0.26603722785959416,1.2212172505026055
24.650000000000002,normal,2.310964846590008,3.1799999999999997,1.2,0.16338873598290019,0.9776536989372879,1.2263294935979758,283.60751168500383,74.93226598415794,1.2,0.20169586455614827,1.2263294935979758
24.700000000000003,normal,2.331964846590009,3.1799999999999997,1.2,0.1661825540378345,0.9774758031731186,1.2252372556548892,283.622094887416,75.04251384544001,1.2,0.1615202880642034,1.2252372556548892
24.75,normal,2.352964846590006,3.1799999999999997,1.2,0.16886940391286806,0.9762927765828155,1.2252419669252392,283.6369945224295,75.15214762622327,1.2,0.18531275089113036,1.2252419669252392
24.8,normal,2.373964846590007,3.1799999999999997,1.2,0.17138804749061026,0.9742706553501133,1.226435614812021,283.65571052815744,75.26113586430338,1.2,0.20774050315948456,1.226435614812021
24.85,normal,2.3949648465900077,3.1799999999999997,1.2,0.17367870156267481,0.9715835451147905,1.2286915620780172,283.6781293652047,75.36936159637408,1.2,0.2160148788933458,1.2286915620780172
24.900000000000002,normal,2.4159648465900085,3.1799999999999997,1.2,0.17567312997017423,0.968366975982756,1.231717268674179,283.70261428537145,75.47666313365038,1.2,0.20879689642065308,1.231717268674179
24.950000000000003,normal,2.4369648465900093,3.1799999999999997,1.2,0.1773031208136397,0.9647177387404444,1.2338121538866638,283.72791012315383,75.58293838032482,1.2,0.1983396472900399,1.2338121538866638
25.0,normal,2.4579648465900066,3.1799999999999997,1.2,0.17851993769089394,0.9607343931444452,1.2339242355934608,283.75301594815863,75.68814151325513,1.2,0.20357516491168473,1.2339242355934608
25.05,normal,2.4789648465900074,3.1799999999999997,1.2,0.17929196862907476,0.9565097075015923,1.2340424462080342,283.77716797703596,75.79228002341769,1.2,0.20741023136453549,1.2340424462080342
25.1,normal,2.499964846590008,3.1799999999999997,1.2,0.17960310301718235,0.9521255471657963,1.2341563385311738,283.7997484366771,75.89541096938187,1.2,0.20940507718332846,1.2341563385311738
25.150000000000002,normal,2.520964846590009,3.1799999999999997,1.2,0.17945188040270874,0.9476502965974167,1.234260354421771,284.1281871132129,76.00111082049828,1.2,0.6773566424302847,1.234260354421771
25.200000000000003,normal,2.5419648465900098,3.1799999999999997,1.2,0.18016777188920668,0.9485939519047455,1.2343504886705798,284.4049629190422,76.1104412115792,1.2,0.6290200019634519,1.2343504886705798
25.25,normal,2.562964846590007,3.1799999999999997,1.2,0.1816982370672659,0.9547675044493393,1.2344165736873112,284.4386916344904,76.21855451404862,1.2,0.27924937035967445,1.2344165736873112
25.3,normal,2.583964846590008,3.1799999999999997,1.2,0.1826704379950621,0.9603507738062074,1.2337395960668098,284.4848879121895,76.32536089448138,1.2,0.29156015702566784,1.2337395960668098
25.35,normal,2.6049648465900086,3.1799999999999997,1.2,0.1831215848881218,0.9650714365119801,1.2264188229032242,284.5447400163738,76.43089265113895,1.2,0.3343339656231204,1.2264188229032242
25.400000000000002,normal,2.6259648465900094,3.1799999999999997,1.2,0.1831039907088336,0.968676620568236,1.2225732061997072,284.6123251215779,76.53532568358719,1.2,0.362131582438346,1.2225732061997072
25.450000000000003,normal,2.6469648465900066,3.1799999999999997,1.2,0.18268255826702212,0.9709799148330607,1.222243982303509,284.67623266454274,76.63891634205513,1.2,0.35388043983226664,1.222243982303509
25.5,normal,2.6679648465900074,3.1799999999999997,1.2,0.1819372959014372,0.971894394984048,1.2250614197669056,284.72531293646034,76.74188164377543,1.2,0.30325882924631803,1.2250614197669056
25.55,normal,2.6889648465900082,3.1799999999999997,1.2,0.18096674612032088,0.9714426189388836,1.230318945519162,284.7558862764946,76.84443703223452,1.2,0.2294934974232587,1.230318945519162
25.6,normal,2.709964846590009,3.1799999999999997,1.2,0.1798641960694994,0.9697434057472116,1.2300796616532352,284.77236547923843,76.9467504172074,1.2,0.18924138701118567,1.2300796616532352
25.650000000000002,normal,2.7309648465900063,3.1799999999999997,1.2,0.1787065871932533,0.9669835960514448,1.2225736722896214,284.78422617119935,77.0489216103239,1.2,0.16059577071324152,1.2225736722896214
25.700000000000003,normal,2.751964846590007,3.1799999999999997,1.2,0.1775460289501475,0.9633864599588706,1.2167159939438243,284.8006147998652,77.15099852619515,1.2,0.20252830240642322,1.2167159939438243
25.75,normal,2.772964846590008,3.1799999999999997,1.2,0.17640595127545397,0.9591853197015683,1.2131041182325408,284.82580735086964,77.25301010579582,1.2,0.2533650590810962,1.2131041182325408
25.8,normal,2.7939648465900087,3.1799999999999997,1.2,0.17528356419927724,0.9546052519785619,1.2120382698088703,284.85781333254147,77.35498715581437,1.2,0.2854082045891505,1.2120382698088703
25.85,normal,2.814964846590006,3.1799999999999997,1.2,0.17415847476768326,0.9498511976433264,1.2171146714024121,285.30708037205903,77.46041730056373,1.2,0.7442336862869008,1.2171146714024121
25.900000000000002,normal,2.8359648465900067,3.1799999999999997,1.2,0.1742002399702273,0.9505148384149704,1.223512554973662,285.32152855235006,77.56570767986955,1.2,0.195933685702909,1.223512554973662
25.950000000000003,normal,2.8569648465900075,3.1799999999999997,1.2,0.17412190985605122,0.9509649023847169,1.2304138627012116,285.3284635059061,77.670815341059,1.2,0.1342145169350235,1.2304138627012116
26.0,normal,2.8779648465900083,3.1799999999999997,1.2,0.17390048747767156,0.9511600031021712,1.2329714634746296,285.33435339357345,77.77569246039442,1.2,0.11101070450944055,1.2329714634746296
26.05,normal,2.898964846590009,3.1799999999999997,1.2,0.173505173502167,0.9510285940764123,1.233125526148557,285.3438742222497,77.88030303118893,1.2,0.138731828825479,1.233125526148557
26.1,normal,2.9199648465900063,3.1799999999999997,1.2,0.17290228833577034,0.9504898635408585,1.2333615555079793,285.35845759156695,77.98463107390108,1.2,0.17661984902709843,1.2333615555079793
26.150000000000002,normal,2.940964846590007,3.1799999999999997,1.2,0.17206272170388245,0.9494780722736351,1.231567142363031,285.5870852040237,78.09285548155916,1.2,0.5230035938080815,1.231567142363031
26.200000000000003,normal,2.961964846590008,3.1799999999999997,1.2,0.17225964523783605,0.9533920911672848,1.2274484816681102,285.63133223191426,78.20045542207352,1.2,0.29974244669045225,1.2274484816681102
26.25,normal,2.9829648465900087,3.1799999999999997,1.2,0.17209261527543643,0.9563898558756712,1.226332886900731,285.6823975884071,78.30741498646671,1.2,0.31727214282787336,1.226332886900731
26.3,normal,3.003964846590006,3.1799999999999997,1.2,0.17155522492772676,0.9583459452305287,1.2281600539282167,285.7307288090635,78.41381095752611,1.2,0.3029873884164532,1.2281600539282167
26.35,normal,3.0249648465900068,3.1799999999999997,1.2,0.1706613312274558,0.9592525728045516,1.2325399506784018,285.7681987551677,78.51976086456708,1.2,0.26209074598866205,1.2325399506784018
26.400000000000002,normal,3.0459648465900075,3.1799999999999997,1.2,0.16944198540329297,0.9592200303794236,1.2349982496251806,285.7906769837442,78.62529001330465,1.2,0.20027728085730975,1.2349982496251806
26.450000000000003,normal,3.0669648465900083,3.1799999999999997,1.2,0.16795402951441957,0.9584553309548856,1.2350074755247749,285.8004029520637,78.73038171512417,1.2,0.1254600413446629,1.2350074755247749
26.5,normal,3.0879648465900056,3.1799999999999997,1.2,0.16626682800341822,0.9572281102532554,1.2348420441599368,285.80333884170824,78.8349936529784,1.2,0.08544201297738499,1.2348420441599368
26.55,normal,3.1089648465900064,3.1799999999999997,1.2,0.16445743524433482,0.9558343641943812,1.2332195502204473,285.8062113579019,78.9390882172884,1.2,0.08906979357396129,1.2332195502204473
26.6,normal,3.129964846590007,3.1799999999999997,1.2,0.16260652668849046,0.9545650398064758,1.2281620250755527,285.81396967462194,79.04266054160541,1.2,0.150559537030009,1.2281620250755527
26.650000000000002,normal,3.150964846590008,3.1799999999999997,1.2,0.16079553457431253,0.9536821765897308,1.224481653672277,285.8278062757108,79.1457211096932,1.2,0.1963474214831381,1.224481653672277
26.700000000000003,normal,3.1719648465900088,3.1799999999999997,1.2,0.1590947536300183,0.9533562605491328,1.2223985305880138,285.84549557175103,79.24829013653472,1.2,0.21752290719706835,1.2223985305880138
26.75,normal,3.192964846590006,3.1799999999999997,1.2,0.15756536227596846,0.9536640876865616,1.2219720526031042,285.86432444338755,79.35043244209275,1.2,0.22149952181580748,1.2219720526031042
26.8,normal,3.213964846590007,3.1799999999999997,1.2,0.15627333650148073,0.9546679354689798,1.2231021760752054,285.88141040985806,79.45223944942532,1.2,0.211104727949827,1.2231021760752054
26.85,normal,3.2349648465900076,3.1799999999999997,1.2,0.15526831841977856,0.956410941444817,1.2255518477143648,285.89467927979933,79.55381266330573,1.2,0.188760530252498,1.2255518477143648
26.900000000000002,normal,3.2559648465900084,3.1799999999999997,1.2,0.15455402998980414,0.9589143102372577,1.228985233081963,285.90340542293137,79.65525108644445,1.2,0.15642910553344205,1.228985233081963
26.950000000000003,normal,3.276964846590009,3.1799999999999997,1.2,0.15407940444410032,0.9621768266269317,1.2307563961603205,285.908169698582,79.75664311711967,1.2,0.11808734976488289,1.2307563961603205
27.0,normal,3.2979648465900064,3.1799999999999997,1.2,0.15376365545892867,0.9661757248927403,1.2307761354774516,285.90982581951084,79.85798332304209,1.2,0.07361464503602846,1.2307761354774516
27.05,normal,3.3189648465900072,3.1799999999999997,1.2,0.1535192693324488,0.9707516880150957,1.2310039445401528,285.91092215002556,79.9592466621822,1.2,0.06441181925797748,1.2310039445401528
27.1,normal,3.339964846590008,3.1799999999999997,1.2,0.15328643690480165,0.975725427068701,1.2314164673027848,285.91355633372734,80.06040220305026,1.2,0.08784172619852033,1.2314164673027848
27.150000000000002,normal,3.360964846590009,3.1799999999999997,1.2,0.1530335355584928,0.9809183977780023,1.2319701700187526,285.9187762735436,80.1614261358677,1.2,0.11552708089714736,1.2319701700187526
27.200000000000003,normal,3.3819648465900096,3.1799999999999997,1.2,0.1527524807373954,0.9861737365589847,1.232606633728065,285.92641462238134,80.26231060050529,1.2,0.13243547274521508,1.232606633728065
27.25,normal,3.402964846590007,3.1799999999999997,1.2,0.15245321891926722,0.9913746793705527,1.2332591898955803,285.9353434561254,80.36306639565476,1.2,0.14106717851625028,1.2332591898955803
27.3,normal,3.4239648465900077,3.1799999999999997,1.2,0.15215794851042302,0.996457756324145,1.2338599593463027,285.94402827683524,80.46371997300487,1.2,0.1443142422937455,1.2338599593463027
27.35,normal,3.4449648465900085,3.1799999999999997,1.2,0.15189533388045695,1.0014187640981507,1.234346547884837,285.9511640861156,80.56430725185007,1.2,0.134768516338489,1.234346547884837
27.400000000000002,normal,3.4659648465900093,3.1799999999999997,1.2,0.15310141805602714,1.0063108167172379,1.2346678933326984,285.9561454032043,80.66486759354831,1.2,0.11511622095085201,1.2346678933326984
27.450000000000003,normal,3.4869648465900065,3.1799999999999997,1.2,0.1544034256656741,1.011235272525318,1.234788960478555,285.95919976809756,80.76544033404664,1.2,0.09194848995587027,1.234788960478555
27.5,normal,3.5079648465900073,3.1799999999999997,1.2,0.15560146795988267,1.0163275264406963,1.2346940880217838,285.96117104791557,80.86606424440312,1.2,0.0785259435893447,1.2346940880217838
27.55,normal,3.528964846590008,3.1799999999999997,1.2,0.1567321487288674,1.021740207223043,1.2333198945784642,285.9630895785187,80.96677848876354,1.2,0.08215592112076957,1.2333198945784642
27.6,normal,3.549964846590009,3.1799999999999997,1.2,0.15782306735953436,1.0276262193313934,1.23134791437849,285.96573691376017,81.06762312790721,1.2,0.09028453015353896,1.23134791437849
27.650000000000002,normal,3.5709648465900097,3.1799999999999997,1.2,0.15889189234847972,1.0341235583205224,1.230092821485094,285.96938388552036,81.16863803807802,1.2,0.09532734643935392,1.230092821485094
27.700000000000003,normal,3.5800000000000005,3.168035153409993,1.2,0.1548464372701732,1.0413431989849846,1.2296249555769123,285.9732964827675,81.26945926669347,1.2,0.09621789740567628,1.2296249555769123
27.75,normal,3.58,3.1470351534099916,1.2,0.15852036804497302,1.049262812419988,1.2299292129914547,285.9782103901842,81.36943495943683,1.2,0.12802095943044806,1.2299292129914547
27.8,normal,3.58,3.1260351534099913,1.2,0.16516239632779714,1.0577335162597314,1.2309136260662326,285.98553335286573,81.46794643695269,1.2,0.15521204836072058,1.2309136260662326
27.85,normal,3.58,3.1050351534099905,1.2,0.17306997880713898,1.0665715577105055,1.2306503846206336,285.9965462757848,81.56441757314681,1.2,0.19261815050717596,1.2306503846206336
27.900000000000002,normal,3.58,3.0840351534099932,1.2,0.1817993055008975,1.069948278488787,1.2302790614699972,286.0124888579756,81.65832309338754,1.2,0.24348218035130031,1.2302790614699972
27.950000000000003,normal,3.58,3.063035153409993,1.2,0.19105444326633664,1.0675460350177721,1.2301061354141603,286.03450969096997,81.74919580282143,1.2,0.2916889854069607,1.2301061354141603
28.0,normal,3.58,3.0420351534099916,1.2,0.20063333368807154,1.065254520448434,1.230138692037442,286.0635339475157,81.8366328978039,1.2,0.33534770950935333,1.230138692037442
28.05,normal,3.58,3.021035153409991,1.2,0.21038030144752962,1.0630409573468795,1.2303607098867053,286.1001207113833,81.92030185811096,1.2,0.3740480839350103,1.2303607098867053
28.1,normal,3.5799999999999996,3.0000351534099936,1.2,0.2201567312229941,1.0608917766924286,1.230735249406715,286.14436844214435,81.9999467974942,1.2,0.40773293146750794,1.230735249406715
28.150000000000002,normal,3.58,2.979035153409993,1.2,0.22982553489928112,1.0588129524243801,1.2312089417585887,286.19589899728874,82.07539643714404,1.2,0.4365282207041664,1.2312089417585887
28.200000000000003,normal,3.58,2.958035153409992,1.2,0.2392459976771953,1.0568286473720612,1.2317180840914703,286.25392242958986,82.14657503388167,1.2,0.46063150246341955,1.2317180840914703
28.25,normal,3.5800000000000005,2.937035153409991,1.2,0.24827648742151967,1.054978662958224,1.232195536580022,286.31736256935426,82.2135176147203,1.2,0.48021898621214676,1.232195536580022
28.3,normal,3.58,2.916035153409994,1.2,0.25678199784183897,1.0533152191366235,1.2325776434699427,286.3850089981015,82.27639022951954,1.2,0.49539584591761504,1.2325776434699427
28.35,normal,3.5800000000000005,2.895035153409993,1.2,0.26464322820559916,1.0518995417225094,1.232810519130511,286.4556563620758,82.33551247507137,1.2,0.5062024479906013,1.232810519130511
28.400000000000002,normal,3.58,2.8740351534099924,1.2,0.27176469637640016,1.050798635339569,1.2328551947531596,286.5281991373701,82.39136915327076,1.2,0.5126664847291532,1.2328551947531596
28.450000000000003,normal,3.58,2.8530351534099916,1.2,0.2780807436491378,1.0500825049924305,1.2326912663809775,286.60166797453735,82.44458546239585,1.2,0.5148811740120702,1.2326912663809775
28.5,normal,3.58,2.8320351534099943,1.2,0.28355940114006384,1.0498219836858678,1.2323187990897952,286.6752165435287,82.49586632132937,1.2,0.5130942940073455,1.2323187990897952
28.55,normal,3.58,2.8110351534099935,1.2,0.28820458898124957,1.0500872420120708,1.2317583322473769,286.7480859096961,82.54603597436929,1.2,0.5077982838705548,1.2317583322473769
28.6,normal,3.58,2.7900351534099928,1.2,0.29205710054101985,1.0509470001219756,1.2310489251083825,286.81957871066425,82.59670494532871,1.2,0.49979667220372803,1.2310489251083825
28.650000000000002,normal,3.5799999999999996,2.7690351534099915,1.2,0.2951944915645646,1.052468423997697,1.2302443139081463,286.8890654926082,82.64979626088973,1.2,0.49016499343824166,1.2302443139081463
28.700000000000003,normal,3.58,2.748035153409991,1.2,0.29772948546163974,1.054717651211621,1.2294074389439287,286.95602587494926,82.70605793002905,1.2,0.4799823297215962,1.2294074389439287
28.75,normal,3.5799999999999996,2.727035153409994,1.2,0.29980593167694675,1.0577608423146887,1.2286038290770136,287.02010819749506,82.76587015446384,1.2,0.46992901438793755,1.2286038290770136
28.8,normal,3.58,2.706035153409993,1.2,0.3015909992914194,1.0616655880067924,1.2278945535562638,287.08118259096847,82.82950919773829,1.2,0.46021585154133504,1.2278945535562638
28.85,normal,3.58,2.6850351534099923,1.2,0.3032627855113482,1.056263453582507,1.227329599252205,287.1393671366087,82.89719766877532,1.2,0.4509867197515507,1.227329599252205
28.900000000000002,normal,3.58,2.664035153409991,1.2,0.3049945356670918,1.0430863596349635,1.226942544455983,287.19502023983284,82.96911882488743,1.2,0.44274395075665235,1.226942544455983
28.950000000000003,normal,3.58,2.643035153409991,1.2,0.3069397127122507,1.0290517187941912,1.2267472510047526,287.24870594277104,83.04542169944659,1.2,0.4364768628836405,1.2267472510047526
29.0,normal,3.58,2.6220351534099935,1.2,0.3092236260165715,1.014237289546477,1.226737004642376,287.30114605174026,83.12622460046236,1.2,0.4334005084506899,1.226737004642376
29.05,normal,3.58,2.601035153409993,1.2,0.31194452053639626,0.998733375844725,1.2268861613172586,287.35317234889783,83.2116196428122,1.2,0.4343133108820495,1.2268861613172586
29.1,normal,3.58,2.580035153409992,1.2,0.3151810532600376,0.982646118109725,1.227153987343408,287.40568676749825,83.30167849844327,1.2,0.4391023634830633,1.227153987343408
29.150000000000002,normal,3.58,2.559035153409991,1.2,0.31899866089655243,0.9660996291388202,1.2274900898471504,287.45963126052044,83.39645838090577,1.2,0.44698304196950617,1.2274900898471504
29.200000000000003,normal,3.58,2.5380351534099903,1.2,0.3234478650020118,0.9492367232779946,1.2278885333692904,287.76752420582017,83.4892046952198,1.2,0.8111699569160814,1.2278885333692904
29.25,normal,3.58,2.517035153409993,1.2,0.3295704592643029,0.9375603922220066,1.2283603412483382,288.03543024597576,83.5801300004382,1.2,0.7720028288212087,1.2283603412483382
29.3,normal,3.58,2.4960351534099923,1.2,0.33716886428438614,0.9307169477483912,1.2289037756468508,288.2387911103819,83.66998403274894,1.2,0.698432395495465,1.2289037756468508
29.35,normal,3.58,2.4750351534099915,1.2,0.34596489495258304,0.9279975978145767,1.2204225569225895,288.3902242906494,83.76074014445805,1.2,0.6727895463838948,1.2204225569225895
29.400000000000002,normal,3.58,2.4540351534099907,1.2,0.3556528754558662,0.928525168783487,1.2023066550125396,288.51901517358084,83.85481875262703,1.2,0.6867301705752149,1.2023066550125396
29.450000000000003,normal,3.58,2.43303515340999,1.2,0.36596250513360495,0.9313528525660311,1.1859630927580564,288.6562293844896,83.95248648114666,1.2,0.7121155828355235,1.1859630927580564
29.5,normal,3.58,2.4120351534099926,1.2,0.37667400828367825,0.9355497505332027,1.1733821265835274,288.8347404575045,84.05365923993821,1.2,0.7791452765095793,1.1733821265835274
29.55,normal,3.58,2.391035153409992,1.2,0.38759467065738856,0.9403168805377307,1.1660427556980302,289.0667781386998,84.15891015905247,1.2,0.8743152743018673,1.1660427556980302
29.6,normal,3.58,2.370035153409991,1.2,0.39855686745929636,0.9451716332322608,1.1646254526773123,289.3320321380365,84.26950255688583,1.2,0.9331386652454471,1.1646254526773123
29.650000000000002,normal,3.58,2.3490351534099907,1.2,0.40939186297432417,0.9500131518347945,1.175399304488058,290.01210873732975,84.3892658085624,1.2,1.3964487541469837,1.175399304488058
29.700000000000003,normal,3.58,2.328035153409994,1.2,0.4191049590968626,0.9498380139478491,1.189110960777118,290.21296826707754,84.51580115405396,1.2,0.8625187799157839,1.189110960777118
29.75,normal,3.58,2.307035153409993,1.2,0.4283676303557985,0.9514670275442092,1.210138819992462,290.53205911370276,84.65227039829418,1.2,1.0092083407369736,1.210138819992462
29.8,normal,3.58,2.2860351534099923,1.2,0.4361924003012607,0.9505353347893017,1.2250707094811748,290.7319055105703,84.79751284807843,1.2,0.7881984022880767,1.2250707094811748
29.85,normal,3.58,2.2650351534099915,1.2,0.4424533145855051,0.9484231328833479,1.2234986415303497,291.07550777399547,84.94634114348113,1.2,1.0014209837632315,1.2234986415303497
29.900000000000002,normal,3.58,2.2440351534099943,1.2,0.44764293830560453,0.9516195664651406,1.2219035876650408,291.22328149576464,85.10175272442441,1.2,0.7459976083400308,1.2219035876650408
29.950000000000003,normal,3.58,2.2230351534099935,1.2,0.4509813288708787,0.9550533367817242,1.2203471052248496,291.3713311029195,85.26278685876733,1.2,0.7064458967922794,1.2203471052248496
30.0,normal,3.58,2.2020351534099927,1.2,0.45253115392478954,0.9591336858952457,1.2189056909685987,291.5134829969979,85.428998568952,1.2,0.668575893901579,1.2189056909685987
30.05,normal,3.58,2.181035153409992,1.2,0.4524466642724394,0.9638509142557965,1.2176766392907938,291.6553771012816,85.59997870467595,1.2,0.6912760116160431,1.2176766392907938
30.1,normal,3.58,2.1600351534099946,1.2,0.4509238612598051,0.9691251283749938,1.2167822778122042,291.8016708444712,85.77535840326478,1.2,0.7206917596444936,1.2167822778122042
30.150000000000002,normal,3.58,2.139035153409994,1.2,0.4481634436086308,0.9748229513104976,1.21569337368204,291.9481764507229,85.95396545009591,1.2,0.7278653429116643,1.21569337368204
30.200000000000003,normal,3.58,2.118035153409993,1.2,0.44449013874532695,0.980791757577814,1.2137260894494717,292.0863204102791,86.13440689848984,1.2,0.7054039532844878,1.2137260894494717
30.25,normal,3.58,2.0970351534099922,1.2,0.44022934692944665,0.9869023650890028,1.211194995159214,292.21027364259146,86.31645524964591,1.2,0.6582562073068183,1.211194995159214
30.3,normal,3.58,2.076035153409995,1.2,0.43547353323281673,0.9930845205853325,1.208434325146807,292.31970317768855,86.49986234525704,1.2,0.601426444045857,1.208434325146807
30.35,normal,3.58,2.055035153409994,1.2,0.4302807931420983,0.9993420408082572,1.2057527032156652,292.42195397136607,86.68435447852062,1.2,0.5669840520622978,1.2057527032156652
30.400000000000002,normal,3.58,2.0340351534099934,1.2,0.4246801217982347,1.0057450891456763,1.2033999737198324,292.5275025875306,86.86963208391396,1.2,0.566379007874905,1.2033999737198324
30.450000000000003,normal,3.58,2.0130351534099926,1.2,0.4186811158214285,1.012407205627068,1.2015500888804906,292.6451483382821,87.05537523998238,1.2,0.5889731143667875,1.2015500888804906
30.5,normal,3.58,1.9920351534099954,1.2,0.4122844319725516,1.0194578906407417,1.200298704052138,292.77955633357453,87.24125396368437,1.2,0.6263396061710113,1.200298704052138
30.55,normal,3.58,1.9710351534099946,1.2,0.4054912220861846,1.0270186036934548,1.1996712730484023,292.93008871865015,87.42684148476178,1.2,0.6588608474460644,1.1996712730484023
30.6,normal,3.58,1.9500351534099938,1.2,0.39833538365804355,1.0351853884405702,1.1996373540959036,293.09359529935034,87.61164594497649,1.2,0.6819700544550737,1.1996373540959036
30.650000000000002,normal,3.58,1.929035153409993,1.2,0.3908806581035932,1.0439430321428247,1.2001266109157716,293.26598515129416,87.79525648344563,1.2,0.6966388284980749,1.2001266109157716
30.700000000000003,normal,3.58,1.9080351534099922,1.2,0.3831979806375564,1.0532136137537538,1.2010356494015413,293.43930742846925,87.9773698594727,1.2,0.702489972362813,1.2010356494015413
30.75,normal,3.58,1.887035153409995,1.2,0.37538047755393894,1.0629116527831548,1.2022551308698242,293.6096091872321,88.15781616270328,1.2,0.7018842027175428,1.2022551308698242
30.8,normal,3.58,1.8660351534099942,1.2,0.36753831430681383,1.072945579257009,1.2036817841552514,293.774244803847,88.33656520555189,1.2,0.69369023160403,1.2036817841552514
30.85,normal,3.58,1.8450351534099934,1.2,0.35979907652692555,1.0832192589945302,1.205222750455861,293.9331338460221,88.51359309780386,1.2,0.6859495733827359,1.205222750455861
30.900000000000002,normal,3.58,1.8240351534099926,1.2,0.3523199950555055,1.0936335277840785,1.2067987753115559,294.0863854845354,88.68887890796168,1.2,0.6786282779092946,1.2067987753115559
30.950000000000003,normal,3.58,1.8030351534099918,1.2,0.3452744623836936,1.1040876932984554,1.2083404656007393,294.2322217188265,88.86240696043774,1.2,0.6684389029198384,1.2083404656007393
31.0,normal,3.58,1.7820351534099945,1.2,0.3388195163953215,1.1144809699926395,1.2097812450731782,294.36656137035766,89.03416283721151,1.2,0.6508710364503463,1.2097812450731782
31.05,normal,3.58,1.7610351534099937,1.2,0.3330533761161638,1.1247138191660202,1.2110705276513714,294.49040350899185,89.20405138659261,1.2,0.6366391632348412,1.2110705276513714
31.1,normal,3.58,1.7400351534099932,1.2,0.3279822201307846,1.1346335558242502,1.21217510121014,294.60715867906174,89.37185189420126,1.2,0.6319467142211643,1.21217510121014
31.150000000000002,normal,3.58,1.7190351534099921,1.2,0.3235330671370302,1.1439809718055656,1.2130805559196403,294.7195289592327,89.53736799710455,1.2,0.6295207762812776,1.2130805559196403
31.200000000000003,normal,3.58,1.6980351534099913,1.2,0.3196102816457974,1.152492975808034,1.2137927970082782,294.8301167107562,89.70048863239236,1.2,0.6290833042906707,1.2137927970082782
31.25,normal,3.58,1.677035153409994,1.2,0.31615031777978864,1.1599191592749254,1.2143391701597768,294.94087863355173,89.86127455232928,1.2,0.6303282455436712,1.2143391701597768
31.3,normal,3.58,1.6560351534099933,1.2,0.3131445587845577,1.166039976990849,1.2147682896850789,295.0527888492552,90.02004287981892,1.2,0.6327655271011658,1.2147682896850789
31.35,normal,3.58,1.6350351534099925,1.2,0.310634142106439,1.170684005047076,1.2151475481383764,295.16585451020734,90.17733858096457,1.2,0.6356551190008463,1.2151475481383764
31.400000000000002,normal,3.58,1.6140351534099917,1.2,0.3086789864927112,1.1737411146630141,1.2155576666338948,295.2794298019775,90.33373213969034,1.2,0.6379360231400876,1.2155576666338948
31.450000000000003,normal,3.58,1.593035153409991,1.2,0.3073028673168462,1.1751687663853667,1.2160844390705392,295.3925507820377,90.48980628744813,1.2,0.6378698269387801,1.2160844390705392
31.5,normal,3.58,1.5720351534099937,1.2,0.30641326316341166,1.1749900570749707,1.216808703592907,295.50551032363387,90.64596984889378,1.2,0.6398148787122669,1.216808703592907
31.55,normal,3.58,1.5510351534099929,1.2,0.3058360584976544,1.1732841291184364,1.2177961544294877,295.6192006297446,90.80252527632476,1.2,0.6443874584786141,1.2177961544294877
31.6,normal,3.58,1.530035153409992,1.2,0.3053603688600103,1.1701712461295928,1.2190886746789233,295.734925002523,90.9597298409708,1.2,0.6515242923428989,1.2190886746789233
31.650000000000002,normal,3.58,1.5090351534099913,1.2,0.3047841301078352,1.1657956189653196,1.2206423434950797,295.85150365739577,91.11765332707435,1.2,0.654329270194867,1.2206423434950797
31.700000000000003,normal,3.58,1.488035153409994,1.2,0.3039630018313199,1.1603088315203558,1.222326884187305,295.97027835018616,91.27623091488934,1.2,0.6584168512894136,1.222326884187305
31.75,normal,3.58,1.4670351534099932,1.2,0.30279667398177523,1.153855805714741,1.2205125545548128,296.0926224148667,91.4354040649826,1.2,0.6641720456775282,1.2205125545548128
31.8,normal,3.58,1.4460351534099924,1.2,0.3012080045118067,1.1465641904368025,1.2171056597353769,296.21793492241926,91.5951143486883,1.2,0.6674303453319964,1.2171056597353769
31.85,normal,3.582621029802179,1.4256418662186892,1.2,0.30273219908308135,1.1385372474456295,1.2155177481332133,296.36427657855995,91.75479534082667,1.2,0.7119987403263364,1.2155177481332133
31.900000000000002,normal,3.591848698111024,1.4067778757187492,1.2,0.30694048286141035,1.129680664798978,1.2156397516828277,296.5291857270927,91.91412758398741,1.2,0.7541039902867385,1.2156397516828277
31.950000000000003,normal,3.601076366419871,1.3879138852188064,1.2,0.3136523202027839,1.119919504602707,1.2172102382677998,296.711835098759,92.07275142352768,1.2,0.7901856427842977,1.2172102382677998
32.0,normal,3.610304034728718,1.3690498947188636,1.2,0.3223798075958527,1.1092457424630682,1.2198572397837484,296.9137939403018,92.23052690871678,1.2,0.8299694791654171,1.2198572397837484
32.050000000000004,normal,3.619531703037565,1.3501859042189208,1.2,0.33263581138768916,1.0976229025249722,1.2231493920411922,297.135465507983,92.38755379882794,1.2,0.8727046232712412,1.2231493920411922
32.1,normal,3.62875937134641,1.331321913718981,1.2,0.3438087704567122,1.0849708312709003,1.226646826640557,297.3749875946595,92.54412870795487,1.2,0.9147988429809036,1.226646826640557
32.15,normal,3.637987039655257,1.3124579232190383,1.2,0.35516003794005074,1.0711607312584006,1.2271160866256343,297.6281404434499,92.7006717759088,1.2,0.951206387838152,1.2271160866256343
32.2,normal,3.647214707964104,1.2935939327190953,1.2,0.36595371367694335,1.0560177067158611,1.2269180771350243,297.8893727035156,92.85765049392778,1.2,0.9776098543787219,1.2269180771350243
32.25,normal,3.656442376272951,1.2747299422191525,1.2,0.3755787876799165,1.0393322969645036,1.2285747134231604,298.1502741217266,93.01562681886982,1.2,0.9855241855905129,1.2285747134231604
32.300000000000004,normal,3.6656700445817982,1.2558659517192095,1.2,0.3836042938073822,1.0208810453868729,1.2241085007539294,298.4146397127531,93.17481558803927,1.2,1.0009050808792508,1.2241085007539294
32.35,normal,3.6748977128906435,1.23700196121927,1.2,0.3897621014515408,1.0004539290465342,1.2195230588598396,298.6900026238392,93.33534543890269,1.2,1.0298377268002208,1.2195230588598396
32.4,normal,3.684125381199491,1.2181379707193272,1.2,0.3938928608755917,0.9778848571247034,1.2096081415460622,298.97979237817196,93.49733363349014,1.2,1.0630202642168713,1.2096081415460622
32.45,normal,3.6933530495083375,1.1992739802193841,1.2,0.3959362780307152,0.953080646679487,1.2035431027705135,299.27854272428556,93.66094078628142,1.2,1.0835208900292657,1.2035431027705135
32.5,normal,3.7025807178171846,1.1804099897194413,1.2,0.3959255657705759,0.9260438732000313,1.2015444819876175,299.79295839535547,93.824421374498,1.2,1.3348906872686315,1.2015444819876175
32.550000000000004,normal,3.7118083861260316,1.1615459992194985,1.2,0.3943871360551787,0.9024445215532892,1.2033474300156528,300.26040604769975,93.98909251586178,1.2,1.2702873939161505,1.2033474300156528
32.6,normal,3.7210360544348773,1.1426820087195588,1.2,0.39146762111288086,0.8821026795622824,1.198979754162795,300.67095672474954,94.1560404048715,1.2,1.1767410268981415,1.198979754162795
32.65,normal,3.730263722743724,1.123818018219616,1.2,0.38738125079702596,0.8648259851172784,1.194023889726105,301.0278036364419,94.32610140237435,1.2,1.0728593268107796,1.194023889726105
32.7,normal,3.739491391052571,1.104954027719673,1.2,0.38237718727320236,0.8504599919960154,1.1911171949077772,301.3412750788816,94.49994461283944,1.2,0.9857178386288611,1.1911171949077772
32.75,normal,3.748719059361416,1.0860900372197333,1.2,0.3767193205623585,0.8389472668863434,1.1911147979110197,301.62098040993976,94.67815571611031,1.2,0.9384630394644958,1.1911147979110197
32.800000000000004,normal,3.757946727670265,1.0672260467197874,1.2,0.37068723517449714,0.830375683483821,1.1875986604703261,301.87417332158043,94.86126180803087,1.2,0.9220911014977308,1.1875986604703261
32.85,normal,3.7671743959791097,1.0483620562198477,1.2,0.364590430378534,0.8249879098597068,1.1740756467706253,302.11097079599915,95.04914429202867,1.2,0.9073637112807859,1.1740756467706253
32.9,normal,3.776402064287957,1.0294980657199047,1.2,0.3588149139627564,0.8231416839992698,1.1643126896297142,302.3462761007379,95.24103628676781,1.2,0.8912617013959325,1.1643126896297142
32.95,normal,3.785629732596804,1.0106340752199618,1.2,0.35372684407406013,0.8250444537642472,1.158799636705543,302.5842311069316,95.43750450735904,1.2,0.8739245598237515,1.158799636705543
33.0,normal,3.79485740090565,0.9917700847200224,1.2,0.3495484192002882,0.8307707771514843,1.1574513359641405,302.81358786762917,95.63827974717314,1.2,0.8476985409578344,1.1574513359641405
33.050000000000004,normal,3.804085069214498,0.9729060942200762,1.2,0.346502168935986,0.840368142321088,1.1571580491974647,303.01882480367544,95.83994518370105,1.2,0.8078816562489479,1.1571580491974647
33.1,normal,3.8133127375233435,0.9540421037201364,1.2,0.34453673074389,0.8538289567902524,1.157852998770796,303.2087014443044,96.04210159553436,1.2,0.7775428371178348,1.157852998770796
33.15,normal,3.822540405832189,0.9351781132201968,1.2,0.3435698945162363,0.8710725943191087,1.1597121454610875,303.3765795885905,96.24399251548093,1.2,0.7269367165769023,1.1597121454610875
33.2,normal,3.8317680741410376,0.9163141227202509,1.2,0.34356786545044316,0.8918446159440605,1.1629959134256824,303.52104619698576,96.44488479518208,1.2,0.6734803261856114,1.1629959134256824
33.25,normal,3.8409957424498824,0.8974501322203111,1.2,0.34447015289283367,0.9157424258424369,1.1675618944338126,303.6314871875997,96.64448526587823,1.2,0.5928393506828302,1.1675618944338126
33.300000000000004,normal,3.85022341075873,0.8785861417203682,1.2,0.3462016980729922,0.9422459259589331,1.1734471561594257,303.70728365601616,96.84176348954281,1.2,0.4951867946993662,1.1734471561594257
33.35,normal,3.8594510790675765,0.8597221512204254,1.2,0.3485750981714001,0.9700885252528102,1.1848086121622852,304.24321978199026,97.02929236910342,1.2,1.0365263398483957,1.1848086121622852
33.4,normal,3.8686787473764226,0.8408581607204858,1.2,0.35035533280139874,0.9927734275376143,1.1630722075008462,304.87238542682536,97.20642982800503,1.2,1.1651733240371835,1.1630722075008462
33.45,normal,3.8779064156852705,0.8219941702205397,1.2,0.35145503355044927,1.00954662715602,1.1544945569089073,305.63887419205486,97.37655222313286,1.2,1.3657044025818834,1.1544945569089073
33.5,normal,3.887134083994116,0.8031301797205999,1.2,0.3516723216310831,1.0199309646150285,1.1599460032921927,306.48689474810794,97.54451696296488,1.2,1.5055374735833889,1.1599460032921927
33.550000000000004,normal,3.8963617523029628,0.784266189220657,1.2,0.3508595360203686,1.023641457463803,1.178521239542683,307.30241001070675,97.71095862034724,1.2,1.5304246379059907,1.178521239542683
33.6,normal,3.9055894206118102,0.7654021987207144,1.2,0.3489535469549012,1.0205192929772202,1.2074473096532876,307.95085082042067,97.87487241799495,1.2,1.3992314852660717,1.2074473096532876
33.65,normal,3.9148170889206555,0.7465382082207745,1.2,0.3460872254820585,1.0112663148162806,1.2423650578975394,308.375429492345,98.0340680513,1.2,1.1404432390270685,1.2423650578975394
33.7,normal,3.9240447572295025,0.7276742177208316,1.2,0.342619111136693,0.9978953236492341,1.252511105354612,308.689471574955,98.18640856865045,1.2,0.9951226007544596,1.252511105354612
33.75,normal,3.933272425538349,0.7088102272208888,1.2,0.3388516671805014,0.9820783967328164,1.2509042732226823,308.9881894478757,98.3304900406717,1.2,1.0161842643032222,1.2509042732226823
33.800000000000004,normal,3.9425000938471966,0.6899462367209459,1.2,0.33484390272576037,0.9646288692528888,1.2493567460119133,309.26491254290465,98.46659815505063,1.2,0.9878712206581062,1.2493567460119133
33.85,normal,3.951727762156043,0.6710822462210031,1.2,0.330624944890809,0.945757675688665,1.24792798291539,309.67978269871026,98.59470738686214,1.2,1.1948295286717827,1.24792798291539
33.9,normal,3.960955430464889,0.6522182557210633,1.2,0.3272745088557835,0.9311657824656316,1.246657308970347,310.07341052272125,98.71602930373079,1.2,1.1726178802251843,1.246657308970347
33.95,normal,3.9701830987737354,0.6333542652211206,1.2,0.32468515148902105,0.9209001598205855,1.2437566391817354,310.44976750825447,98.83035859876833,1.2,1.188907412651563,1.2437566391817354
34.0,normal,3.979410767082583,0.6144902747211776,1.2,0.32220882538445916,0.8980889356215904,1.2394817281396282,310.79769628311,98.93877781183446,1.2,1.149327834530577,1.2394817281396282
34.050000000000004,normal,3.9886384353914295,0.5956262842212348,1.2,0.3197287104219876,0.86595906749216,1.2341947559213016,311.1164819557719,99.04245872116648,1.2,1.1065865551358098,1.2341947559213016
34.1,normal,3.997866103700277,0.5767622937212918,1.2,0.3171573292151627,0.836530743669933,1.228331277569365,311.4072081364668,99.14267797369664,1.2,1.0616761505450292,1.228331277569365
34.15,normal,4.007093772009122,0.5578983032213523,1.2,0.3144390393527377,0.809682291886539,1.222298695667256,311.6551874554639,99.24061931397674,1.2,0.9811846477916809,1.222298695667256
34.2,normal,4.016321440317969,0.5390343127214093,1.2,0.31159139763447036,0.785274381113902,1.215497491343268,311.81941482579435,99.33646754238627,1.2,0.7640086659609736,1.215497491343268
34.25,normal,4.025549108626816,0.5201703222214665,1.2,0.30870249780148845,0.7631586261151766,1.1866999064846822,311.9497041215712,99.43140367578098,1.2,0.6023100148095584,1.1866999064846822
34.300000000000004,normal,4.034776776935663,0.5013063317215236,1.2,0.30587132923815474,0.7431869456335525,1.1626373138889603,312.1339272333872,99.52659143509393,1.2,0.8413315336601507,1.1626373138889603
34.35,normal,4.044004445244509,0.48244234122158397,1.2,0.30321228107699455,0.7252209651179837,1.1465465308608953,312.4606818788827,99.62354263168889,1.2,1.0955199467734036,1.1465465308608953
34.4,normal,4.0532321135533556,0.46357835072164105,1.2,0.3008704776156274,0.7091405931814516,1.1405671750337805,312.9359769567994,99.72458224420635,1.2,1.2712871854277936,1.1405671750337805
34.45,normal,4.062459781862202,0.44471436022169825,1.2,0.2990094898685933,0.6948511406743869,1.14466435633894,313.4190388068804,99.83136087520383,1.2,1.2782772952029782,1.14466435633894
34.5,normal,4.07168745017105,0.42585036972175533,1.2,0.29770969952152027,0.6822888461364547,1.1573030601558152,313.8168230121462,99.94504808853813,1.2,1.1648152897468382,1.1573030601558152
34.550000000000004,normal,4.080915118479896,0.4069863792218125,1.2,0.2970753255921517,0.6714250250701077,1.1754632092669948,314.06780832205885,100.06556000980018,1.2,0.9287106101786019,1.1754632092669948
34.6,normal,4.090142786788742,0.38812238872187277,1.2,0.29705296745182774,0.6622689086780531,1.1959317311775632,314.22899431942244,100.19223369878411,1.2,0.7306283051664728,1.1959317311775632
34.65,normal,4.0993704550975885,0.36925839822192996,1.2,0.29752060819240983,0.6548686035697489,1.1932141025656677,314.63435102080143,100.32630879871823,1.2,1.0121598213847878,1.1932141025656677
34.7,normal,4.108598123406436,0.35039440772198704,1.2,0.29750623206526183,0.6530760537263371,1.1872152161781757,315.10180306520846,100.46352081156917,1.2,1.2279154660564249,1.1872152161781757
34.75,normal,4.117825791715282,0.3315304172220474,1.2,0.29579625886554944,0.6566469218680502,1.1795204137645978,315.49049168528086,100.60359662787711,1.2,1.1834897782680849,1.1795204137645978
34.800000000000004,normal,4.127053460024129,0.3126664267221013,1.2,0.29244132042390464,0.6651685745843303,1.1755713212912944,315.7204795652772,100.74292197429415,1.2,0.8907565678990761,1.1755713212912944
34.85,normal,4.136281128332975,0.2938024362221617,1.2,0.2883283456768566,0.6744547114011128,1.1756901604620433,316.05574031852353,100.8847986486386,1.2,1.038800158124769,1.1756901604620433
34.9,normal,4.145508796641822,0.27493844572221876,1.2,0.2847255278736373,0.6843311918519239,1.1757568908123213,316.4694307454705,101.03238980038753,1.2,1.2079910510981773,1.1757568908123213
34.95,normal,4.154736464950669,0.25607445522227595,1.2,0.28088845751516683,0.6984299586161073,1.1759173492596753,316.79105556534944,101.18059426616313,1.2,1.0628220314457664,1.1759173492596753
35.0,normal,4.1639641332595145,0.2372104647223362,1.2,0.27561824557000564,0.7166479168157185,1.1763134668730422,317.0706388607756,101.3291668042142,1.2,0.9912054186343215,1.1763134668730422
35.050000000000004,normal,4.173191801568363,0.21834647422239023,1.2,0.2690396126731886,0.7388318069611166,1.1780038308488,317.30996173369095,101.47586986287676,1.2,0.9216799177761892,1.1780038308488
35.1,normal,4.182419469877209,0.19948248372245048,1.2,0.26165286234047624,0.7638064674555196,1.1812309794748082,317.5151070526405,101.61955575339182,1.2,0.8528080527173074,1.1812309794748082
35.15,normal,4.191647138186053,0.18061849322251086,1.2,0.25373858749235706,0.7907462989188168,1.1855584112269457,317.6788372913989,101.76068796417275,1.2,0.751054908789538,1.1855584112269457
35.2,normal,4.200874806494902,0.16175450272256475,1.2,0.24543020661110115,0.819362754115857,1.190121614890491,317.79970701002964,101.90019036238627,1.2,0.6284077432122427,1.190121614890491
35.25,normal,4.210102474803747,0.14289051222262514,1.2,0.23685379355285038,0.8497486380168207,1.1940845542099938,317.89517001596505,102.03918211083783,1.2,0.53735315988137,1.1940845542099938
35.300000000000004,normal,4.219330143112595,0.12402652172268219,1.2,0.2286158246542503,0.881987247922349,1.1967778667785365,317.9880737950499,102.17846463857389,1.2,0.5413423579764591,1.1967778667785365
35.35,normal,4.2285578114214415,0.10516253122273941,1.2,0.23186024690610413,0.9160833048267012,1.1978070073974747,318.10845532232156,102.31819429661067,1.2,0.6569380836403507,1.1978070073974747
35.4,normal,4.237785479730287,0.08629854072279965,1.2,0.23899811045840438,0.951915117520014,1.2003039702350737,318.45337665345926,102.45331826165354,1.2,1.0274966967242847,1.2003039702350737
35.45,normal,4.2470131480391355,0.06743455022285368,1.2,0.24542701903930744,0.9723769588303515,1.2017228055719091,318.8272531348738,102.58392269665163,1.2,1.0980906346458734,1.2017228055719091
35.5,normal,4.256240816347981,0.048570559722913915,1.2,0.2510881510900044,0.9751606456357107,1.2000530419198125,319.2001249845893,102.71009810820769,1.2,1.1010073336441604,1.2000530419198125
35.550000000000004,normal,4.265468484656827,0.029706569222971133,1.2,0.2559420849793028,0.9785849825236965,1.2041925999922947,319.5384954753272,102.83194186509043,1.2,1.0338978468986537,1.2041925999922947
35.6,normal,4.274696152965675,0.010842578723028188,1.2,0.25992381233439416,0.9825246372071106,1.2130404496717895,319.8242037611601,102.94958559457837,1.2,0.9286848850403435,1.2130404496717895
35.65,normal,4.288929693180012,0.0,1.2,0.2705605511677655,0.986846780174153,1.2218805699223974,320.0842467659759,103.06272709063407,1.2,0.860931767701224,1.2218805699223974
35.7,normal,4.309929693180012,0.0,1.2,0.27467608055734444,0.9914507952929152,1.226906312028171,320.33093554374415,103.17107984223705,1.2,0.7797080015375114,1.226906312028171
35.75,normal,4.330929693180013,0.0,1.2,0.279192064905577,0.9962810466824059,1.2320889375213349,320.5872115668986,103.27474211284479,1.2,0.7606048065722832,1.2320889375213349
35.800000000000004,normal,4.351929693180014,0.0,1.2,0.284063976143795,1.0013201862276562,1.2281286067945503,320.867382867906,103.37428382455379,1.2,0.8460555724575645,1.2281286067945503
35.85,normal,4.372929693180015,0.0,1.2,0.28989223357421257,1.0065901260102645,1.2227079217395482,321.1683092616357,103.47049841779781,1.2,0.9182285349587154,1.2227079217395482
35.9,normal,4.393929693180013,0.0,1.2,0.3058869378109229,1.0119883962488128,1.218915755147731,321.48596351403444,103.56454431319284,1.2,0.960366791278574,1.218915755147731
35.95,normal,4.414929693180014,0.0,1.2,0.32706460926733955,1.0173908890224215,1.2167155017661122,321.81353018717186,103.65794335258715,1.2,0.9734557803584682,1.2167155017661122
36.0,normal,4.4359296931800145,0.0,1.2,0.34845391861584185,1.0227432092456414,1.2159622147736877,322.141318337351,103.75240173562445,1.2,0.9558762168216293,1.2159622147736877
36.050000000000004,normal,4.456929693180015,0.0,1.2,0.3696994489004951,1.0280784105266612,1.2164285283844665,322.464662775947,103.84943449246595,1.2,0.9376469318232814,1.2164285283844665
36.1,normal,4.477929693180016,0.0,1.2,0.3903990964259101,1.033530471493186,1.2178391926162235,322.78027048463167,103.95026734276973,1.2,0.9494874022953045,1.2178391926162235
36.15,normal,4.498929693180013,0.0,1.2,0.4100970891509864,1.0393393640895663,1.2172050688856468,323.0866986068843,104.0558841987626,1.2,0.9583230069299585,1.2172050688856468
36.2,normal,4.519929693180014,0.0,1.2,0.4283900787219294,1.045844772706732,1.2093468322194385,323.3800286230251,104.16727099971175,1.2,0.9593727060735622,1.2093468322194385
36.25,normal,4.540929693180015,0.0,1.2,0.444983309226179,1.0309459942084187,1.2025515892563967,323.65856475526203,104.28535772649815,1.2,0.9554960252638534,1.2025515892563967
36.300000000000004,normal,4.561929693180016,0.0,1.2,0.45967661246135966,1.0062770681190496,1.197222549801542,323.92689730275697,104.41072180642126,1.2,0.9674410784700678,1.197222549801542
36.35,normal,4.582929693180013,0.0,1.2,0.472326291964235,0.9790589065228434,1.1935970051385978,324.19279794049703,104.54370462597548,1.2,0.9881187021629891,1.1935970051385978
36.4,normal,4.603929693180014,0.0,1.2,0.4828473569737598,0.9492823501066543,1.1894290325534524,324.61295820385686,104.6825529754417,1.2,1.1881327085253537,1.1894290325534524
36.45,normal,4.624929693180015,0.0,1.2,0.4915711571760286,0.9223528063410777,1.1843582630756182,325.0451797175891,104.82813270858371,1.2,1.1998444818879344,1.1843582630756182
36.5,normal,4.645929693180015,0.0,1.2,0.4982782239871509,0.8981483744775351,1.1781579145269008,325.48547151579317,104.98123049391322,1.2,1.2007293335493237,1.1781579145269008
36.550000000000004,normal,4.666929693180016,0.0,1.2,0.5028118472739745,0.8764699710693222,1.1707591876315742,325.9349835657059,105.14251546745169,1.2,1.195573957706383,1.1707591876315742
36.6,normal,4.687929693180013,0.0,1.2,0.5051135990587994,0.8572705492229367,1.1623585502444664,326.3932466553574,105.31262230267835,1.2,1.1869867574652013,1.1623585502444664
36.65,normal,4.708929693180014,0.0,1.2,0.5051958268999146,0.8407374461071111,1.1565285467383744,326.8542059968712,105.48904801388503,1.2,1.170360675625156,1.1565285467383744
36.7,normal,4.729929693180015,0.0,1.2,0.5037262846932615,0.828026163359495,1.155040482768897,327.3272834985132,105.67069461123427,1.2,1.1569459608091122,1.155040482768897
36.75,normal,4.750929693180012,0.0,1.2,0.5011217430481937,0.8194241271182685,1.1543436051013476,327.7973270719573,105.8539840887555,1.2,1.127827279810671,1.1543436051013476
36.800000000000004,normal,4.771929693180017,0.0,1.2,0.497777202178929,0.8147663054616963,1.1534650794077783,328.2759794024587,106.03793755119234,1.2,1.1121701739887793,1.1534650794077783
36.85,normal,4.792929693180014,0.0,1.2,0.4937912467216751,0.8138874519930939,1.1524166582926718,328.7659560196262,106.22257649193365,1.2,1.101367701407235,1.1524166582926718
36.9,normal,4.813929693180015,0.0,1.2,0.48915793052138073,0.8166385764445749,1.151203412585709,329.26228362717563,106.40797097593796,1.2,1.0859491281584848,1.151203412585709
36.95,normal,4.834929693180015,0.0,1.2,0.483851924849903,0.8228898337715036,1.1498266595937703,329.75773865272726,106.59424629434548,1.2,1.0856405112635266,1.1498266595937703
37.0,normal,4.855929693180013,0.0,1.2,0.47783715592956505,0.8325229531980052,1.1482866540900276,330.2456572852604,106.78158414269198,1.2,1.1237513904307204,1.1482866540900276
37.050000000000004,normal,4.876929693180017,0.0,1.2,0.4710718278156893,0.8454188163269423,1.146584661074443,330.7212294497054,106.97019909742329,1.2,1.1525371133511118,1.146584661074443
37.1,normal,4.897929693180014,0.0,1.2,0.4635146487044096,0.8614456717594696,1.1447242755862437,331.18179542604696,107.16030578171583,1.2,1.1693044838590478,1.1447242755862437
37.15,normal,4.9189296931800115,0.0,1.2,0.45513127493292266,0.8804515601995493,1.1427120717793091,331.62651130735685,107.35208789440418,1.2,1.17307826470412,1.1427120717793091
37.2,normal,4.939929693180016,0.0,1.2,0.44590016129325977,0.9022621270405695,1.1434221384901047,332.17810497961204,107.54264398155885,1.2,1.2872894810314737,1.1434221384901047
37.25,normal,4.960929693180013,0.0,1.2,0.4367205087601305,0.9283033546026591,1.146488739346756,332.70655400364706,107.73249497024923,1.2,1.257307715168872,1.146488739346756
37.300000000000004,normal,4.981929693180014,0.0,1.2,0.42761416936223257,0.9581150141921726,1.151264315499685,333.0202525055879,107.92156555767838,1.2,0.9881172404480278,1.151264315499685
37.35,normal,5.002929693180015,0.0,1.2,0.4178107315212838,0.9860125852292501,1.15740111153152,333.2794356642295,108.1099649894088,1.2,0.8928262449352304,1.15740111153152
37.4,normal,5.023929693180012,0.0,1.2,0.4073751912601014,1.0123452322546156,1.1644778845647974,333.4886088573968,108.2978234245588,1.2,0.7942934359100272,1.1644778845647974
37.45,normal,5.044929693180016,0.0,1.2,0.39637437104978607,1.0375203372216875,1.1720498472393832,333.8786314767964,108.47945410036007,1.2,1.0308924482842436,1.1720498472393832
37.5,normal,5.0659296931800135,0.0,1.2,0.3862157030527543,1.0035516331980139,1.17969887842241,334.4613097132304,108.65355269643172,1.2,1.1491302138149648,1.17969887842241
37.550000000000004,normal,5.086929693180014,0.0,1.2,0.3767936807700387,0.9651681836784174,1.1870756399753555,335.0338240577988,108.82147581483324,1.2,1.1252216828908688,1.1870756399753555
37.6,normal,5.107929693180015,0.0,1.2,0.36835255729567123,0.9296908406245796,1.19382168731113,335.9814517209464,108.98623273860159,1.2,1.5114784851633125,1.19382168731113
37.65,normal,5.128929693180012,0.0,1.2,0.36070709541685997,0.9014363964602998,1.1995835421779664,336.8740933068797,109.15309296951361,1.2,1.5046918376730236,1.1995835421779664
37.7,normal,5.149929693180017,0.0,1.2,0.35464860475141463,0.880807510728493,1.2040368979013563,337.72378727542343,109.32508714410312,1.2,1.5193784651033198,1.2040368979013563
37.75,normal,5.170929693180014,0.0,1.2,0.35192574600606863,0.8682254352550436,1.206933529704371,338.45136971120627,109.50316003194249,1.2,1.4816639167856633,1.206933529704371
37.800000000000004,normal,5.191929693180015,0.0,1.2,0.35378856303298856,0.8633940080514542,1.2026979082195535,339.02728631948094,109.68011706539806,1.2,1.4089093520873814,1.2026979082195535
37.85,normal,5.2129296931800155,0.0,1.2,0.35959877271191265,0.8653858767367701,1.1826113126068,339.55547953471216,109.85519151965399,1.2,1.3922998888858857,1.1826113126068
37.9,normal,5.233929693180013,0.0,1.2,0.36813414952411266,0.872936575409289,1.167415205459533,340.07942499669826,110.03073136333461,1.2,1.358066281855465,1.167415205459533
37.95,column,5.254929693180014,0.0,1.2,0.9513586718080512,0.8845347165781532,1.1637324019431288,341.64441881962176,110.19926304676203,1.2,2.4332124120578946,1.1637324019431288
38.0,column,5.275929693180014,0.0,1.2,0.9528069699207027,0.8944144957592755,1.171041135635185,343.1657231640305,110.36382492088478,1.2,2.390385451140978,1.171041135635185
38.050000000000004,column,5.296929693180015,0.0,1.2,0.9493955206580698,0.9028894579752305,1.1870680706260424,344.49315951130995,110.52584997844004,1.2,2.1942607057345374,1.1870680706260424
